159
156
152
156
157
157
168
213
227
220
215
194
198
192
206
218
203
211
207
198
188
187
170
159
160
163
157
165
165
160
163
201
217
199
199
184
188
184
205
209
199
208
208
194
187
183
182
172
156
165
160
161
172
158
174
208
224
218
210
204
202
198
214
215
208
226
235
216
214
206
195
192
185
182
180
182
188
196
226
281
321
347
347
338
332
342
342
335
293
271
264
250
246
239
238
238
233
237
244
234
236
243
290
346
380
400
401
425
415
413
442
403
353
347
341
333
320
308
282
271
288
302
296
283
297
291
325
396
404
408
425
403
380
400
382
367
335
316
277
243
262
274
260
249
233
222
219
227
242
246
283
364
414
414
410
399
373
386
347
327
299
273
264
242
253
242
238
237
226
224
203
203
231
227
261
334
386
375
346
329
340
338
324
301
266
247
252
251
247
239
230
228
204
207
223
225
224
221
237
252
257
264
244
244
224
230
262
261
258
272
286
303
303
321
302
298
284
271
289
288
292
270
265
298
327
331
313
313
321
310
321
315
317
337
317
255
234
215
225
219
205
202
200
203
190
181
249
305
340
338
336
348
334
341
364
338
297
279
268
247
231
219
224
221
211
207
205
194
186
217
251
308
401
398
393
385
378
384
402
374
342
338
325
317
314
321
296
291
264
245
210
215
195
202
253
306
341
339
336
323
321
322
318
306
282
274
266
243
252
248
231
232
217
206
228
225
227
223
271
311
406
409
400
405
385
389
402
363
327
306
288
254
280
274
257
250
239
226
205
241
240
243
277
368
415
402
394
382
388
404
404
380
346
321
318
325
320
311
299
269
289
298
284
293
277
286
316
343
343
340
327
311
311
295
328
332
323
330
316
295
307
299
289
278
254
254
272
273
282
278
278
332
344
324
322
319
316
302
289
310
309
323
317
308
289
275
309
293
286
274
270
299
313
311
340
388
441
433
422
412
417
425
437
414
375
357
346
344
333
314
312
307
307
278
268
293
294
292
335
389
448
435
424
403
389
429
442
421
383
376
356
361
348
339
329
322
319
331
304
304
295
307
344
399
448
424
428
433
422
404
404
379
361
358
352
340
332
323
314
316
316
304
305
300
306
301
331
389
438
439
433
439
433
418
417
403
367
360
350
351
314
323
293
310
300
293
288
296
275
286
321
396
422
425
426
434
412
401
391
395
361
350
341
339
314
315
304
304
303
309
306
298
302
298
316
344
355
338
341
322
333
341
338
345
353
361
357
334
331
326
296
313
294
297
301
297
304
286
302
337
357
340
335
317
285
294
330
344
337
349
348
341
324
327
316
305
301
302
303
299
295
303
335
402
451
445
432
404
396
410
404
408
360
325
324
326
306
314
292
309
276
285
276
272
282
282
330
386
441
437
416
413
412
427
436
416
395
369
358
362
349
342
328
329
308
293
297
302
303
301
337
375
438
439
431
427
423
418
400
382
375
354
354
344
337
345
329
318
311
306
298
297
305
291
334
392
448
451
465
460
433
443
425
393
365
345
356
345
335
342
327
315
305
304
300
306
300
306
330
393
452
451
455
438
447
447
421
363
339
332
336
317
317
316
294
301
293
290
291
293
293
290
293
335
337
319
331
324
324
313
333
328
327
346
344
322
306
313
292
303
297
288
287
291
282
281
290
337
346
325
322
328
320
316
325
331
329
347
338
325
324
316
318
300
285
288
291
280
278
285
317
367
443
453
438
426
435
442
449
426
378
346
319
306
309
299
299
293
271
269
247
250
249
251
291
373
444
438
434
435
430
421
447
401
358
342
333
317
311
295
273
263
247
237
239
240
239
250
295
374
439
441
451
431
399
400
386
353
348
330
328
312
331
319
296
282
272
280
273
274
268
277
308
393
425
433
420
420
409
404
394
379
345
328
319
317
302
304
276
279
281
258
245
265
262
256
318
385
436
459
460
455
432
427
412
363
340
354
351
334
326
316
315
310
299
292
296
287
301
292
314
350
342
320
303
311
310
299
299
312
315
321
323
306
303
308
290
281
275
273
278
280
281
276
300
337
345
323
327
328
327
317
323
326
326
333
345
314
312
293
293
289
267
273
271
277
280
282
322
382
434
436
439
427
427
416
434
411
366
341
338
333
319
298
288
283
271
270
270
270
267
271
312
372
433
441
429
429
401
401
423
399
353
347
344
347
333
340
327
318
305
288
297
308
310
307
342
402
439
436
435
429
421
427
405
388
348
362
353
326
317
314
298
312
294
274
261
248
250
267
297
369
399
406
402
386
368
369
379
365
333
320
300
309
282
288
273
279
264
251
256
253
264
256
304
383
428
449
435
397
370
370
378
361
322
320
320
296
291
278
278
285
275
272
276
279
276
276
300
334
344
340
336
337
329
335
336
331
350
353
347
339
336
331
312
313
298
301
298
296
295
292
299
346
360
350
340
328
311
307
312
327
336
359
355
336
336
333
326
324
315
308
306
304
299
311
331
382
423
441
440
441
437
421
413
416
367
369
367
356
345
348
321
307
307
303
296
295
294
294
327
376
446
462
458
454
453
445
460
444
379
368
362
350
345
342
316
332
320
302
300
308
297
298
324
385
434
439
451
443
445
428
419
386
359
364
368
359
345
341
320
323
310
306
311
306
305
306
332
388
424
445
443
460
434
417
418
398
359
362
356
340
333
338
312
295
283
286
278
281
289
288
311
367
421
411
412
415
402
416
389
362
314
325
329
318
316
317
294
292
289
293
292
282
287
283
291
317
327
311
301
310
288
305
311
303
303
322
329
317
323
307
301
291
296
284
280
276
273
267
273
302
302
290
277
251
212
192
202
232
248
286
296
289
309
296
285
300
286
288
285
292
285
282
309
353
357
353
351
352
336
325
331
337
330
329
320
317
306
290
293
279
280
278
277
273
272
275
290
348
353
342
294
265
251
262
263
274
292
311
303
293
291
285
265
258
256
260
248
250
254
249
287
326
333
308
266
251
232
208
247
243
262
285
285
288
281
279
276
269
274
273
274
265
267
264
287
317
324
297
292
231
241
260
277
272
291
292
304
290
289
280
267
270
258
256
265
253
254
253
274
323
322
302
301
260
249
264
277
236
264
290
293
284
276
259
255
266
256
255
254
254
253
242
265
296
301
289
270
276
235
225
253
257
257
287
286
277
279
266
262
259
251
246
249
245
253
239
254
281
293
281
243
203
203
184
188
193
228
269
275
277
269
279
276
264
272
263
260
262
252
263
282
351
407
415
401
402
393
399
405
371
331
321
323
317
300
312
303
299
282
276
273
273
270
272
319
365
417
421
404
388
357
367
398
371
334
322
319
327
319
309
290
289
285
262
275
267
272
263
306
352
403
420
419
420
403
398
382
339
334
334
334
330
313
331
308
300
302
298
291
294
296
289
340
366
421
423
454
445
418
446
426
373
343
351
352
348
337
339
318
326
315
289
296
302
284
296
344
385
438
429
435
402
390
401
393
357
331
336
337
321
302
309
289
294
280
274
282
274
280
268
280
321
321
313
321
320
329
331
328
338
327
327
337
325
319
320
302
305
300
298
297
290
293
290
301
321
337
325
295
266
274
270
261
283
306
315
323
320
309
320
310
313
315
297
300
309
296
275
330
382
442
444
411
404
391
402
431
388
348
353
349
353
336
324
303
305
298
294
293
280
280
290
317
363
435
434
436
412
396
414
391
356
340
340
355
349
336
337
313
308
309
302
309
298
296
304
341
393
429
405
395
405
376
381
376
354
335
351
347
345
353
355
323
312
322
313
300
311
303
301
335
383
439
439
451
523
444
499
443
411
381
371
340
361
336
337
307
304
291
274
278
276
281
281
328
376
428
452
451
449
419
434
403
348
317
313
324
306
316
308
297
295
287
288
286
282
279
283
293
329
373
372
376
375
374
359
365
341
303
307
299
302
314
306
295
302
298
292
298
294
295
295
301
337
387
416
421
421
416
413
412
381
335
320
304
311
313
305
285
297
293
289
290
285
282
282
311
374
410
423
438
468
456
478
458
436
351
309
319
328
326
308
286
272
279
264
283
284
279
276
306
371
445
462
484
466
485
490
514
385
362
332
338
340
336
333
304
315
309
295
298
299
296
296
342
403
496
473
473
459
530
486
453
379
342
315
358
402
326
311
300
297
281
284
274
283
274
270
305
365
421
446
441
433
438
452
453
375
363
323
319
332
314
300
290
283
286
285
283
291
278
270
296
379
407
422
438
438
397
369
372
339
325
295
309
303
287
288
286
272
274
269
272
272
270
254
261
298
305
295
319
311
313
311
305
287
266
298
316
300
305
289
287
277
290
281
284
287
280
266
282
322
337
338
315
300
308
269
296
299
304
308
322
319
341
332
312
303
287
276
265
281
277
269
288
346
409
431
428
415
421
406
416
396
320
307
294
302
290
307
274
278
258
257
263
258
254
256
283
365
450
444
433
433
393
403
449
388
302
289
289
296
296
297
260
270
255
269
252
258
260
275
278
370
473
460
526
560
508
560
479
385
331
296
268
286
270
267
261
281
238
252
240
247
254
264
304
390
460
447
480
453
550
517
381
359
309
271
269
298
286
275
268
267
268
260
261
269
274
265
291
387
445
554
519
429
392
422
365
299
264
262
263
269
253
250
242
239
228
218
218
212
221
220
226
270
274
272
293
303
287
299
283
262
252
294
245
262
263
256
250
252
250
239
246
243
245
237
279
289
320
281
381
297
396
340
438
384
366
270
233
222
221
212
210
208
206
219
219
224
221
221
229
272
272
289
288
299
317
282
315
383
280
266
263
234
244
235
241
219
223
219
221
225
228
222
234
274
325
370
397
434
434
405
402
324
247
245
231
227
241
250
238
233
230
230
228
230
226
221
243
264
296
315
403
376
328
304
294
286
286
263
257
256
255
250
258
250
240
235
241
236
242
227
246
277
296
317
314
282
298
315
298
293
275
300
276
248
263
270
256
245
229
247
225
244
249
235
249
289
299
307
364
287
373
341
338
413
293
295
280
266
254
266
255
246
244
241
242
246
249
243
236
272
290
292
291
293
296
295
284
281
294
277
261
261
260
253
243
241
242
231
228
237
239
227
225
273
282
278
287
305
340
355
389
381
282
303
266
257
271
267
262
255
261
259
256
263
265
250
247
295
296
273
278
256
255
257
271
273
281
290
289
287
284
281
296
285
267
271
259
263
261
257
283
343
405
432
427
440
412
423
406
389
361
303
322
306
304
304
299
298
278
266
274
282
268
274
288
366
406
439
443
441
432
405
369
351
335
317
289
305
296
288
271
283
275
265
275
271
269
262
288
347
393
386
394
404
397
410
473
427
387
296
292
315
299
297
284
293
273
269
252
257
261
258
293
356
417
428
427
424
463
418
407
370
380
294
287
285
278
281
271
278
277
259
261
262
258
255
257
293
299
293
288
294
310
263
254
259
269
258
263
272
267
278
273
276
271
269
262
259
271
257
267
302
322
293
307
338
360
405
349
376
360
286
300
244
244
248
240
244
256
260
254
268
259
258
296
372
469
503
531
561
568
525
491
395
343
315
305
295
290
285
284
276
257
251
255
254
247
249
292
350
417
448
446
457
473
434
508
479
356
374
294
300
311
296
295
288
293
293
266
277
257
261
290
347
414
421
452
492
529
522
433
367
331
289
285
289
272
289
272
278
280
274
268
281
273
260
294
378
440
448
464
485
457
474
471
410
347
318
294
283
261
269
267
261
261
272
260
253
263
251
291
364
454
470
560
574
569
583
551
461
387
343
275
253
213
231
225
237
226
245
242
235
245
249
257
327
357
392
426
438
457
452
446
405
363
314
275
230
209
233
224
225
219
225
225
228
232
242
251
328
341
384
409
430
437
438
428
391
348
297
252
231
201
234
222
229
224
222
223
225
227
230
266
360
447
493
508
553
563
568
547
492
403
323
267
256
215
233
215
228
209
213
217
235
220
219
271
361
428
414
462
537
523
528
490
480
389
262
247
228
218
247
215
230
216
229
236
237
237
225
261
332
381
416
447
435
540
405
405
369
307
311
282
269
265
285
266
279
254
260
250
253
257
244
277
342
390
420
448
505
496
560
487
449
334
342
323
304
290
295
286
288
270
269
262
278
267
260
282
347
402
399
393
398
389
489
561
498
397
296
351
302
282
299
277
275
273
272
282
278
274
261
274
308
317
368
334
441
453
485
424
448
395
290
318
285
267
263
283
269
268
258
274
272
271
258
265
327
343
336
326
344
443
427
476
382
324
299
336
275
264
281
282
262
273
264
268
269
261
264
295
372
436
465
478
459
436
439
435
431
365
315
318
291
287
286
289
273
269
276
268
277
265
268
306
395
491
503
532
454
427
453
569
532
362
430
324
293
273
282
274
272
275
263
274
273
265
272
313
416
490
539
587
490
541
574
441
399
401
285
299
294
248
265
288
295
291
271
277
282
277
269
315
380
491
528
418
506
481
519
403
381
407
354
383
310
271
278
265
292
257
278
275
282
269
262
314
368
446
422
478
486
454
468
491
399
335
374
274
267
259
255
264
258
266
257
258
254
242
235
262
304
332
357
385
399
485
510
356
312
389
398
356
274
231
245
241
244
231
246
246
249
249
244
275
338
368
425
434
464
493
472
339
337
329
318
270
255
255
251
236
245
219
225
240
242
240
248
297
371
437
467
487
455
469
486
436
458
333
303
286
262
241
249
246
230
232
238
234
247
236
243
293
362
418
451
473
535
445
413
509
489
391
322
280
282
255
255
257
267
261
244
246
248
229
245
304
396
487
524
479
459
410
520
512
502
390
369
289
259
235
233
234
245
238
233
239
242
249
248
310
385
475
529
551
574
582
580
587
463
398
388
343
276
249
248
243
253
259
266
255
270
254
268
322
401
466
511
540
575
537
577
432
528
327
307
269
265
236
232
235
234
232
241
247
243
242
251
284
326
368
402
413
398
280
489
369
377
274
251
259
240
237
228
243
246
243
253
243
251
251
256
270
305
316
335
332
343
412
364
318
355
357
305
274
231
231
237
240
248
250
238
222
237
212
222
279
330
404
471
544
553
565
580
557
511
391
282
254
236
220
223
204
198
199
198
198
197
196
212
262
311
431
434
529
509
529
482
516
451
379
319
298
255
205
210
206
209
214
206
196
191
187
204
256
318
386
386
383
405
419
413
316
254
230
221
223
196
184
187
189
190
187
195
197
203
186
186
199
246
247
245
245
244
251
244
246
247
233
222
225
227
212
207
209
209
201
208
202
202
193
190
221
277
295
281
288
290
416
454
420
384
304
290
273
218
189
188
178
180
178
177
182
183
179
172
184
240
316
277
330
358
416
459
443
397
345
301
228
202
178
176
196
188
190
185
194
194
178
180
218
259
297
339
290
298
290
228
276
251
213
215
207
188
177
182
172
182
184
176
184
188
188
188
208
259
312
355
366
330
306
281
271
230
233
222
213
204
190
188
187
186
191
191
201
196
182
190
222
280
360
368
350
394
447
363
450
377
284
304
249
211
220
216
199
220
224
218
215
213
205
204
239
279
383
382
403
449
423
418
383
407
325
362
340
263
206
208
193
199
197
207
196
193
194
207
250
304
372
379
401
438
496
484
409
332
332
301
270
219
214
210
221
207
210
210
207
198
203
209
244
307
368
387
408
407
389
460
551
474
397
339
292
244
201
180
182
193
190
194
198
197
188
207
239
266
278
304
346
382
404
429
452
393
326
225
211
211
188
174
178
195
177
193
189
187
172
182
205
261
286
380
416
416
412
429
398
251
195
215
249
214
184
182
191
182
185
187
186
187
181
197
223
261
316
365
408
413
445
322
447
396
316
341
265
226
188
171
180
176
191
184
164
169
177
197
258
300
399
364
464
504
492
494
383
428
354
235
258
224
201
184
170
179
178
168
175
163
160
182
247
302
422
459
507
445
405
366
452
439
399
309
302
232
186
173
179
178
164
170
166
163
162
175
223
289
389
391
473
526
533
526
522
477
400
320
306
258
209
197
174
194
181
181
185
177
177
197
261
280
402
389
489
522
530
536
523
446
366
311
271
214
190
160
162
169
163
164
160
160
158
167
206
234
291
353
402
331
432
384
405
393
342
306
261
225
175
150
154
172
163
171
164
159
159
174
198
226
294
330
368
395
402
412
413
382
337
285
276
210
183
155
161
172
157
159
159
152
154
162
214
254
334
347
354
475
499
472
458
403
332
292
257
213
177
144
123
131
126
116
117
115
114
133
185
263
341
396
419
461
475
459
447
406
350
302
256
202
161
139
118
123
117
121
122
115
111
129
188
252
324
366
405
416
438
441
422
388
323
287
241
190
151
120
110
115
122
113
114
105
108
124
185
248
315
353
392
410
418
452
421
420
377
310
245
221
161
151
140
141
146
149
146
142
142
163
204
256
322
360
400
418
423
426
405
383
327
279
241
195
160
140
120
144
131
133
146
134
135
139
159
201
211
218
248
328
415
406
394
374
282
267
244
191
158
139
133
148
141
145
143
141
131
144
161
191
225
252
257
234
296
229
251
209
230
206
194
178
164
156
144
155
158
147
152
141
139
172
206
269
343
424
452
521
307
462
352
433
386
310
277
231
186
166
155
168
173
167
152
146
157
173
211
284
353
369
343
371
372
399
457
398
336
277
220
220
195
177
153
164
152
150
154
145
147
167
218
278
348
394
428
442
445
441
433
395
343
289
239
196
156
128
114
123
121
111
115
108
110
129
181
245
324
397
398
375
370
406
415
377
333
274
229
171
144
135
117
151
146
145
143
139
154
153
198
287
339
341
345
324
295
242
239
241
218
209
207
174
156
149
141
149
143
144
145
139
136
143
179
218
230
265
258
336
272
235
268
203
205
219
204
195
166
162
141
151
152
151
155
151
149
144
161
201
220
228
214
234
215
236
212
219
243
208
211
189
172
162
153
158
152
154
156
144
147
156
179
259
360
385
446
449
437
385
306
284
244
242
216
226
192
195
170
169
178
171
171
159
160
168
209
258
296
341
340
333
267
317
320
344
372
311
285
256
197
188
152
158
161
165
171
161
160
165
213
293
347
362
394
412
471
383
372
353
351
327
218
189
167
158
147
150
153
152
153
145
145
150
220
294
317
389
394
441
353
297
339
304
233
236
187
168
155
153
137
151
148
146
149
136
139
141
173
209
242
238
245
259
243
263
312
224
282
259
249
205
211
169
140
143
138
144
137
137
138
147
164
204
240
278
234
217
235
180
198
219
193
209
201
179
168
157
138
146
145
146
131
133
134
148
168
217
207
278
290
347
405
389
340
279
238
191
202
193
160
150
138
147
142
142
138
136
129
133
181
228
256
294
275
278
283
286
260
227
212
200
214
189
169
149
132
144
140
141
140
128
134
150
180
251
292
240
268
327
365
377
379
406
375
311
280
226
177
147
131
140
141
134
137
131
128
138
196
258
322
370
398
316
400
476
454
330
213
169
144
147
127
104
97
97
100
103
100
86
87
108
128
185
203
252
241
280
293
403
282
228
207
153
161
137
117
109
103
100
99
94
100
90
89
93
115
170
195
209
212
231
301
281
284
203
164
162
160
137
131
114
96
105
108
105
104
95
93
104
129
176
209
216
227
289
205
219
325
329
227
207
182
155
135
116
101
110
105
105
99
99
92
115
127
177
172
225
294
336
390
405
376
365
247
223
189
136
129
116
101
113
106
103
100
93
92
108
156
215
240
236
309
315
437
359
295
270
214
211
192
170
137
114
134
135
136
135
134
130
120
127
152
196
220
210
243
244
251
254
244
217
202
207
204
192
201
151
140
146
145
142
149
133
138
150
202
253
288
317
330
432
458
458
449
427
374
316
267
212
176
160
143
134
139
136
133
130
125
144
183
259
319
358
394
426
449
445
440
417
364
310
269
221
182
152
126
134
143
136
133
138
127
146
192
247
308
349
388
404
436
431
415
397
345
292
251
194
172
154
130
136
132
137
134
126
128
132
173
222
282
332
374
384
395
399
399
383
329
300
258
206
172
147
130
138
130
140
131
128
131
141
179
212
255
330
312
372
352
392
369
395
341
255
261
219
170
146
127
141
130
129
132
123
124
137
179
236
289
296
308
279
297
205
230
227
258
202
185
163
127
118
97
100
103
93
98
94
89
94
125
180
191
207
202
218
184
188
206
250
202
154
192
180
137
112
96
105
97
99
105
92
90
92
134
179
179
196
269
285
322
211
380
194
260
248
141
157
155
103
92
103
101
99
98
96
85
99
136
197
206
301
344
374
238
223
311
237
319
292
152
185
151
127
95
103
98
98
101
90
89
100
142
194
260
301
309
357
366
394
382
362
298
280
206
160
129
104
97
104
100
104
94
97
91
106
135
184
209
185
205
211
175
139
162
156
143
159
171
147
126
103
102
99
100
99
100
98
92
90
105
137
154
142
181
168
156
156
194
205
134
175
153
137
113
107
99
106
105
98
101
96
95
97
134
199
254
295
344
371
395
397
384
364
316
267
223
177
142
120
100
104
100
104
99
96
91
103
154
199
263
288
315
370
343
312
326
349
330
272
231
190
148
114
105
108
108
105
107
108
99
102
138
184
203
246
257
285
392
317
234
242
243
267
159
146
123
114
105
112
110
107
108
101
98
99
122
164
201
220
230
296
277
213
383
240
224
268
218
227
140
125
108
111
113
104
110
99
101
107
146
198
252
287
264
223
192
228
245
310
258
213
172
145
145
116
108
114
106
107
109
108
100
107
128
182
183
143
179
214
145
214
200
162
153
161
146
125
139
133
109
119
106
111
104
102
98
99
118
151
161
152
148
158
160
162
169
171
195
163
173
155
135
123
113
113
116
109
109
111
102
104
125
173
177
179
202
203
188
174
216
220
222
176
179
145
135
121
109
119
115
115
109
112
105
110
135
189
208
196
239
341
215
254
255
232
207
215
178
158
141
124
112
116
110
112
116
109
104
111
144
207
210
234
237
372
393
363
372
357
333
278
225
146
137
130
120
115
112
108
111
105
101
101
119
165
170
175
191
189
267
217
189
195
170
168
155
143
123
119
108
117
111
111
109
107
102
101
130
169
184
196
210
351
389
378
384
365
321
280
227
182
148
120
110
116
106
111
110
106
97
103
141
191
242
287
323
353
379
390
381
366
313
272
225
166
138
117
114
113
119
108
107
106
103
110
138
187
225
271
324
360
382
392
385
362
322
288
230
196
139
117
105
114
111
109
102
107
103
102
142
205
254
290
336
357
375
370
371
365
293
236
210
163
133
115
105
113
105
104
108
103
94
110
142
188
191
275
325
324
314
324
180
194
220
140
145
130
120
119
97
113
107
103
105
111
97
102
147
193
231
262
316
262
376
382
241
276
292
207
180
144
117
109
107
115
102
102
109
103
101
106
136
189
220
262
302
366
368
387
281
276
138
176
160
155
135
113
105
111
111
105
105
108
99
103
120
166
202
171
186
237
266
256
250
236
259
179
158
143
121
112
108
109
100
104
108
102
100
95
128
169
191
209
322
280
230
226
227
231
214
177
153
150
126
114
112
107
102
105
108
102
106
101
127
171
178
193
194
250
243
318
234
331
232
251
181
162
116
108
110
111
105
107
106
107
102
102
132
198
205
255
241
247
239
217
312
263
254
316
244
191
138
118
111
105
105
109
105
108
105
104
151
190
226
322
355
403
357
276
272
394
229
268
202
138
137
106
107
104
102
106
101
103
102
99
151
196
246
288
303
350
355
396
399
314
246
215
159
147
125
106
102
100
100
90
97
100
93
97
124
205
225
285
326
355
374
342
298
215
284
163
145
122
119
111
102
102
98
97
96
94
92
92
126
195
232
288
316
348
393
374
387
380
277
259
177
125
120
108
98
101
95
97
97
97
97
94
124
180
215
247
264
268
320
313
316
288
287
233
144
140
117
105
100
97
99
97
97
97
97
88
99
134
150
166
184
182
178
227
324
318
203
166
173
173
125
109
102
108
98
97
95
99
97
84
124
184
219
237
265
320
371
403
402
359
278
242
200
148
134
120
102
106
98
99
105
101
101
92
147
210
266
322
356
406
409
428
321
197
192
177
171
172
147
125
115
107
99
101
103
100
98
96
128
191
233
234
263
301
415
403
419
396
324
257
217
165
128
127
122
117
116
106
105
104
103
99
131
192
231
246
276
375
425
420
401
362
273
149
162
153
119
128
118
118
107
105
105
94
99
100
127
193
233
203
247
255
327
265
383
293
183
152
158
128
120
121
117
113
108
104
104
107
105
92
104
150
156
148
138
144
158
156
150
154
134
138
145
132
109
113
110
106
110
108
101
104
102
96
106
159
177
174
169
173
176
196
190
166
159
156
156
145
123
132
128
121
118
104
112
111
107
94
133
207
262
256
258
267
286
292
278
250
213
208
185
168
151
143
138
134
126
125
127
132
125
123
155
224
277
271
278
284
259
308
312
275
246
211
229
183
162
149
143
135
134
126
124
131
132
122
154
208
252
258
255
261
247
242
234
222
209
180
164
151
149
142
125
128
118
117
116
116
122
112
150
209
264
274
268
283
314
294
276
276
229
198
206
168
165
146
133
135
132
123
118
127
123
118
156
209
271
281
311
321
304
313
308
260
193
182
185
155
140
142
129
122
118
120
122
119
134
116
128
174
208
214
220
254
272
280
291
259
216
247
193
164
141
137
131
126
121
125
116
125
130
116
133
177
203
201
216
236
345
271
347
350
279
267
213
157
144
144
128
132
126
119
123
128
141
123
166
247
335
384
445
385
472
475
413
309
249
214
205
166
153
183
172
172
162
163
170
163
173
167
200
257
300
317
327
344
344
326
328
289
252
231
225
199
197
200
182
194
172
167
166
174
168
167
192
255
316
337
346
339
328
331
315
292
308
235
221
204
194
191
176
184
180
165
166
173
171
170
210
297
358
377
466
500
494
496
490
447
312
286
265
225
192
184
172
171
166
164
162
161
171
162
201
275
352
405
446
479
471
472
431
390
305
294
242
194
168
176
158
166
151
156
158
156
165
157
170
234
271
315
346
344
364
371
362
352
319
288
239
202
155
172
155
151
152
154
153
158
160
150
169
234
277
291
343
373
390
399
389
357
326
287
243
202
175
179
165
167
156
154
152
156
157
162
195
247
309
324
354
326
352
351
358
335
271
228
233
196
187
183
172
170
166
161
163
162
171
170
199
243
305
320
334
327
305
316
349
345
272
298
238
215
198
193
184
167
172
162
161
166
165
178
195
259
315
327
352
348
344
340
298
276
255
244
218
200
209
213
178
181
183
168
175
167
175
177
202
266
315
333
327
327
319
325
319
311
266
241
232
203
201
198
169
167
165
159
162
164
168
167
198
258
356
318
322
308
324
335
296
325
267
270
219
163
150
144
138
141
134
130
140
143
143
131
134
204
246
294
338
311
320
357
324
326
257
221
205
162
158
140
138
139
128
131
131
136
140
132
137
178
202
205
222
244
249
286
249
290
273
194
182
167
178
186
186
175
172
164
164
170
163
176
202
259
328
360
355
340
347
360
334
337
270
244
231
216
216
206
184
177
168
166
168
160
166
172
193
252
314
329
332
354
348
333
334
324
272
243
236
216
210
197
176
181
168
165
166
166
170
175
202
249
296
326
323
337
337
342
319
294
245
218
203
199
191
189
173
169
162
161
158
157
162
167
195
245
317
329
337
348
354
350
329
301
277
275
257
223
228
200
172
170
166
159
158
169
172
173
199
249
318
347
353
310
305
295
284
251
193
181
169
152
145
140
125
123
132
118
120
125
133
121
126
166
181
182
193
181
171
200
187
187
162
161
160
151
147
140
127
128
129
118
123
124
134
121
131
164
178
175
177
188
197
194
208
190
187
185
191
158
157
155
141
139
132
129
127
132
136
137
166
233
297
305
331
302
325
325
370
419
303
200
199
170
175
155
141
146
139
132
138
138
150
148
172
242
304
337
361
379
337
364
382
325
276
253
214
191
180
163
143
140
144
146
148
149
152
140
169
242
332
366
407
463
453
436
411
376
292
207
237
202
194
194
185
175
164
169
168
168
172
179
202
256
306
318
352
330
322
349
352
333
268
232
231
225
205
191
175
170
164
163
164
168
169
166
204
277
352
401
441
458
480
468
454
396
316
265
214
180
186
173
162
157
158
162
162
164
168
167
176
220
274
254
311
329
279
358
301
313
234
218
202
185
187
180
176
173
159
166
165
169
171
172
178
217
260
307
348
369
387
384
372
340
279
258
230
205
187
186
175
169
166
162
159
164
165
174
203
273
354
369
418
401
427
450
418
414
299
223
205
205
202
205
182
181
170
161
162
171
171
173
210
261
322
349
410
406
349
339
358
323
255
233
210
211
201
197
174
145
128
130
125
133
132
133
162
227
308
364
393
307
294
278
248
230
192
170
172
164
163
151
130
137
132
118
119
125
124
132
160
228
273
283
330
336
395
345
287
276
223
209
201
191
157
157
152
135
130
128
129
133
137
129
166
223
292
300
319
297
325
289
259
243
216
213
189
172
156
147
144
136
141
137
137
136
141
141
151
180
182
190
214
219
216
208
208
200
190
174
174
169
163
150
143
141
135
135
135
131
143
140
149
176
185
194
274
223
204
188
184
196
184
205
173
165
145
149
150
162
139
126
125
132
138
134
168
230
305
290
350
385
331
308
328
282
217
191
183
169
154
143
135
133
139
127
125
123
132
135
167
217
283
296
325
303
311
323
350
308
254
234
193
175
170
175
148
144
138
135
125
126
129
137
175
228
341
366
371
415
438
387
301
277
220
192
179
181
171
171
142
150
144
136
137
140
138
148
182
227
273
286
292
274
265
280
287
247
210
196
194
190
184
186
157
158
149
138
136
140
144
145
177
222
280
310
297
265
258
228
198
170
207
186
173
166
156
148
141
133
126
131
130
130
136
134
138
175
182
185
218
316
216
221
186
208
184
178
175
161
155
150
137
135
135
130
127
133
138
130
140
172
180
172
173
178
197
201
206
214
180
175
180
164
162
157
147
142
135
127
128
127
134
135
172
220
308
359
381
414
430
427
409
370
280
195
180
171
166
162
138
133
136
127
128
125
137
146
169
226
290
306
390
356
433
421
367
281
225
191
195
177
177
171
154
147
147
147
144
145
146
148
184
230
279
276
292
305
330
276
271
238
214
196
193
189
170
160
150
148
138
134
130
130
133
142
176
221
271
310
340
367
394
306
280
253
215
193
188
185
176
158
156
140
128
128
131
124
137
137
178
238
281
279
302
302
304
294
268
257
212
182
179
172
159
146
143
137
136
132
134
136
142
138
160
185
177
191
195
223
190
179
199
189
178
171
181
166
165
154
150
140
140
136
141
138
146
143
156
184
177
172
181
183
177
182
180
186
178
179
176
166
159
147
135
136
130
132
138
129
135
133
163
210
222
207
214
239
275
323
239
252
228
193
186
179
166
164
150
141
140
142
144
153
142
136
162
216
222
236
245
237
241
287
254
221
212
191
188
183
168
160
147
145
144
143
146
145
159
135
165
216
216
215
228
245
237
240
236
234
196
185
183
167
163
154
145
147
140
143
140
143
142
133
156
200
195
197
210
204
214
206
208
207
201
181
189
177
160
155
134
137
135
138
130
135
138
136
157
199
209
204
233
274
213
211
210
209
202
194
202
188
171
160
148
150
152
154
150
153
156
149
155
194
182
190
207
207
198
200
243
209
221
195
207
182
170
165
160
159
148
146
153
153
156
148
153
193
199
198
202
202
205
211
239
266
244
202
202
185
175
166
153
157
150
142
143
147
151
141
174
236
285
299
324
311
332
349
363
374
248
205
221
207
194
191
177
170
159
165
164
164
166
154
191
236
276
279
298
323
290
317
301
267
226
211
207
199
191
186
168
177
164
156
161
149
155
153
179
226
267
293
319
307
298
281
253
234
219
204
203
178
178
165
158
158
158
152
150
153
156
150
179
240
272
317
304
293
290
296
298
281
250
229
241
226
204
194
179
167
169
167
156
154
162
162
190
239
277
292
302
312
315
317
280
240
214
202
212
190
178
163
160
163
155
155
154
155
161
151
159
193
181
196
265
294
213
239
198
195
188
190
196
185
182
168
162
164
150
153
148
152
158
155
156
199
178
175
178
181
200
214
199
184
194
187
186
178
168
167
161
163
156
153
155
149
158
155
183
250
266
273
298
329
313
318
323
280
224
197
206
187
200
184
155
157
161
155
153
150
157
155
177
243
283
319
329
311
323
325
390
348
268
212
209
197
203
190
171
163
169
167
163
159
163
164
190
247
292
300
350
325
351
328
309
241
216
197
203
191
179
163
152
145
141
141
143
143
143
151
183
232
279
279
297
293
351
327
312
267
235
214
223
197
183
176
158
143
139
139
137
140
145
147
181
232
293
306
309
301
292
290
251
219
208
197
200
193
179
158
150
145
141
146
140
134
142
139
160
184
197
178
187
192
206
203
207
266
202
182
194
171
170
163
149
146
143
145
139
141
146
150
154
157
189
189
192
190
185
184
185
212
172
183
192
190
192
177
170
155
166
159
159
153
151
166
195
248
297
358
369
351
401
366
330
290
223
204
198
192
183
168
162
164
149
156
151
149
166
163
190
239
272
325
333
339
292
286
280
258
229
198
195
192
178
183
171
160
142
143
147
150
155
158
192
249
299
329
376
379
359
373
318
245
220
218
217
204
194
196
185
183
181
172
171
174
172
169
196
263
294
302
327
325
308
310
298
267
244
221
241
215
217
213
194
193
179
177
174
175
174
174
202
269
301
318
354
329
326
314
277
250
244
233
227
212
193
188
185
191
176
180
178
178
185
170
179
217
206
202
203
209
233
211
211
209
211
222
227
215
203
202
192
189
189
184
191
187
181
177
187
225
222
217
226
272
334
317
253
232
228
224
249
232
218
200
201
189
194
192
192
190
190
194
226
290
311
359
427
446
440
408
372
290
260
247
239
226
213
206
202
192
176
177
172
177
176
175
206
263
293
310
323
317
321
327
332
287
276
241
250
221
216
222
208
202
185
176
169
170
178
173
213
262
305
319
381
387
414
309
277
265
242
234
247
226
214
206
191
192
174
170
177
170
173
180
205
277
307
326
315
307
304
338
300
268
243
220
256
239
210
206
188
182
175
175
170
170
170
166
208
266
288
317
351
349
389
381
329
253
229
222
241
219
209
204
189
183
173
180
177
175
167
172
181
222
226
267
291
329
316
331
295
283
286
274
262
258
243
243
241
229
221
217
208
218
207
216
225
274
261
267
262
262
269
266
266
280
279
288
291
273
259
260
253
237
229
236
234
226
227
227
262
343
380
391
415
394
393
390
386
352
328
311
308
290
285
266
257
254
248
254
246
247
243
251
289
344
375
393
396
388
390
413
409
363
332
309
311
296
294
290
275
262
245
240
233
228
235
229
271
336
392
397
394
406
427
431
364
333
315
301
291
277
268
273
265
259
247
246
239
246
232
236
276
336
364
379
391
381
383
378
386
354
328
310
305
285
272
260
249
253
248
239
239
234
229
226
277
336
371
391
381
386
381
364
358
318
306
277
284
268
263
249
247
243
249
240
244
232
226
226
243
281
272
270
257
268
274
276
266
273
270
283
294
276
263
254
244
246
238
240
241
246
246
236
248
286
274
269
273
278
285
281
296
302
310
299
304
283
272
257
245
245
246
239
236
238
237
232
274
333
391
389
398
392
407
405
406
375
331
302
300
286
275
260
257
249
256
252
238
235
229
226
272
332
374
397
415
404
410
402
405
361
322
305
310
294
297
274
259
271
271
254
246
247
251
243
286
342
385
391
385
379
395
391
354
335
311
296
311
284
278
257
262
259
244
243
236
237
235
233
281
343
390
391
396
391
381
387
384
363
340
311
309
316
292
283
270
266
248
253
240
233
218
211
260
320
339
347
361
354
366
344
315
282
261
249
240
233
222
208
201
201
199
195
193
195
196
192
207
240
234
226
237
232
244
231
249
251
249
244
249
237
232
224
217
212
205
207
211
203
205
197
209
246
251
245
240
243
243
234
241
253
260
250
258
246
250
250
229
212
218
217
205
203
202
202
244
305
340
331
320
306
324
350
358
336
287
256
257
248
243
231
212
223
206
199
198
195
203
206
241
298
323
340
345
342
342
320
337
322
280
263
248
247
252
235
229
233
195
210
207
209
212
206
233
268
277
274
297
292
303
283
270
271
273
258
244
247
219
215
200
191
188
197
186
199
194
203
244
314
342
349
343
333
337
337
338
313
290
262
267
251
230
223
215
209
204
198
198
201
209
203
235
295
338
353
348
331
331
320
316
295
263
255
249
237
221
221
210
213
201
195
198
201
206
197
214
256
255
246
229
228
251
243
248
255
256
247
252
240
240
235
229
223
206
211
204
204
215
201
205
236
250
235
226
231
226
226
231
247
250
246
254
238
227
227
222
204
208
200
208
203
205
208
243
307
351
361
350
340
344
333
324
320
290
262
260
251
237
243
238
227
216
204
203
211
209
217
239
295
362
357
361
349
355
350
364
316
294
263
265
255
236
226
221
216
210
205
199
199
203
201
253
301
330
376
373
386
386
387
341
346
338
297
280
257
265
251
239
232
234
239
233
234
243
244
277
350
429
417
422
434
439
435
440
425
392
361
356
347
334
328
321
295
289
285
289
284
289
293
328
389
429
440
433
428
447
432
385
366
329
300
281
264
236
232
235
233
235
238
254
252
261
270
274
316
298
291
299
293
286
283
289
294
301
290
303
277
277
271
269
260
264
258
262
265
264
258
275
309
302
293
287
282
286
274
291
284
303
299
301
286
275
280
282
257
261
260
262
253
255
263
307
396
440
442
446
432
422
407
424
395
361
329
312
312
301
299
283
280
264
261
269
269
279
274
315
368
428
435
426
443
432
411
424
394
358
315
330
321
297
289
279
272
259
258
251
255
261
257
297
361
390
412
424
416
406
391
366
350
344
322
306
292
289
277
276
262
269
252
251
249
260
250
284
351
370
402
378
362
367
372
359
355
326
315
317
292
285
277
264
258
254
235
248
248
249
260
302
347
367
386
364
355
341
320
306
304
296
277
267
242
237
231
229
222
221
217
216
218
223
223
233
269
256
248
250
254
255
252
260
269
263
264
272
254
246
246
243
239
235
244
240
238
247
239
258
292
282
271
280
268
271
268
278
270
297
293
287
276
270
263
252
253
238
244
238
244
245
247
296
329
346
320
324
330
332
311
312
315
315
305
299
282
265
266
268
262
251
252
249
245
260
253
268
315
320
323
320
301
311
304
309
304
304
296
291
277
263
261
251
256
248
248
243
246
247
249
274
312
322
322
319
330
316
318
316
293
278
260
242
219
201
208
201
192
163
172
169
174
188
202
220
274
281
280
280
273
279
279
270
272
271
271
275
255
217
190
169
173
160
159
162
162
171
170
192
236
219
221
205
201
206
202
226
236
239
225
234
216
185
182
175
177
183
162
182
174
190
223
229
275
280
266
253
256
257
258
265
273
270
265
267
253
247
242
232
238
227
226
229
220
234
232
240
276
265
251
250
245
252
246
257
266
263
273
267
252
253
241
242
227
222
221
226
226
237
226
241
279
259
263
246
225
234
229
217
209
212
209
207
200
180
184
168
174
162
159
159
160
166
169
185
218
213
214
210
201
202
199
209
222
211
214
219
201
189
185
167
174
162
163
162
164
169
169
183
213
228
214
207
217
213
212
219
224
228
218
223
203
183
183
169
167
162
166
161
171
180
181
198
232
249
260
239
250
258
248
257
255
270
269
287
269
251
249
231
235
230
224
227
234
239
239
239
284
276
267
259
263
254
251
266
268
270
256
262
246
233
228
228
229
216
220
225
225
234
220
236
276
267
245
224
204
200
231
234
275
267
266
269
249
248
244
235
230
221
216
217
215
226
222
230
255
252
257
256
251
242
233
249
250
263
272
267
240
241
237
228
231
219
214
220
213
222
224
245
299
323
374
355
364
346
347
335
349
330
299
298
280
283
278
267
272
267
267
276
263
269
264
313
362
382
388
377
379
367
374
357
341
304
296
283
284
276
253
248
238
237
235
239
241
243
241
278
339
348
371
376
378
374
356
323
306
274
266
257
249
259
264
265
253
224
328
247
252
252
236
274
331
358
372
366
367
362
363
376
344
327
305
289
287
273
271
250
234
219
217
212
220
236
228
283
331
355
365
375
392
407
411
404
400
361
351
352
329
322
309
299
296
291
296
290
299
298
291
287
330
315
316
305
322
306
302
321
328
320
322
318
306
293
297
287
277
275
269
266
267
275
275
293
342
334
330
323
314
302
302
303
312
323
323
330
320
324
309
296
288
291
290
289
292
286
287
339
394
427
430
409
420
420
410
416
398
379
336
338
329
310
318
301
300
280
278
279
283
283
270
321
375
387
393
413
396
404
411
392
392
379
353
345
321
299
302
303
284
284
276
264
273
266
273
309
380
399
422
405
409
412
401
351
351
328
308
305
277
274
269
263
250
252
251
240
238
244
247
278
345
375
383
393
367
353
383
389
348
327
318
317
294
278
277
256
261
255
265
252
265
259
257
306
366
410
411
421
413
407
407
414
377
347
316
305
302
277
261
264
263
253
261
260
254
260
257
267
308
293
290
283
277
293
291
290
293
292
306
298
279
281
264
257
262
256
251
249
257
262
251
259
296
289
286
278
281
274
279
289
306
311
310
309
253
189
157
141
126
291
253
284
288
297
281
326
376
410
430
432
404
421
415
434
408
359
330
315
299
283
281
279
281
261
255
255
254
269
260
299
359
408
436
457
434
428
420
412
409
377
345
329
324
317
303
267
279
267
273
260
269
267
274
307
367
411
421
426
410
411
394
374
358
336
328
325
317
312
302
294
294
267
277
276
276
270
276
325
384
421
440
422
432
439
424
417
404
375
334
351
343
319
325
307
306
292
276
274
263
271
279
321
383
418
442
448
429
419
414
376
361
340
321
309
287
285
279
270
264
260
265
255
258
264
252
255
300
280
283
281
271
271
266
272
284
295
291
285
268
274
260
244
250
232
234
229
232
244
236
248
297
282
286
284
269
281
273
278
280
294
293
304
287
293
281
240
261
300
272
262
250
253
253
305
369
397
419
431
405
407
424
406
403
357
328
311
286
286
282
272
270
265
264
265
260
264
278
306
375
423
425
418
425
434
438
445
409
361
349
355
327
319
306
301
286
268
263
265
270
259
266
305
382
417
429
409
426
421
406
373
367
345
328
317
283
298
299
291
278
264
256
262
257
257
267
298
373
411
424
409
406
392
403
385
351
332
319
304
293
300
294
283
275
268
255
262
246
262
265
305
379
419
425
436
411
405
388
373
349
334
311
317
284
290
269
271
269
265
265
251
259
257
254
265
305
305
299
313
296
292
280
292
291
296
310
294
283
297
275
267
262
254
252
252
250
265
251
270
306
305
307
289
297
287
289
297
302
315
314
320
306
316
298
288
286
271
270
274
268
277
276
326
397
427
448
443
442
448
455
435
405
378
352
341
329
312
323
309
298
287
285
282
285
291
293
322
390
435
446
458
452
436
417
421
392
371
370
358
337
328
314
305
301
282
274
294
288
295
301
328
394
416
420
430
429
431
434
408
406
375
357
350
351
328
315
318
304
299
282
288
278
291
283
326
388
425
439
423
426
412
409
395
401
373
354
345
335
301
316
287
283
272
273
266
275
271
275
319
377
413
414
404
387
401
375
366
341
326
329
311
296
288
275
274
273
258
275
266
269
280
271
284
332
328
307
306
304
308
290
279
290
301
317
314
301
294
274
270
270
276
263
266
268
275
257
286
326
317
300
282
304
295
282
300
306
318
302
324
307
304
300
283
287
287
266
267
268
275
272
322
383
408
400
402
394
383
368
347
324
338
317
300
299
295
298
293
284
271
257
250
255
259
265
312
372
397
417
420
421
383
388
379
381
362
332
333
318
310
300
290
272
271
262
258
260
265
270
302
383
398
418
423
394
388
383
349
321
335
329
335
311
306
299
300
289
269
278
273
276
272
267
321
380
394
385
390
391
379
392
381
369
368
349
342
316
319
321
307
278
269
271
268
274
276
282
324
382
402
400
415
400
386
379
372
354
332
324
322
301
289
285
270
268
272
262
261
269
265
265
280
322
306
290
292
271
275
283
279
293
295
313
312
282
276
262
261
264
253
260
250
255
249
254
270
300
277
266
276
273
278
269
275
280
290
301
291
286
286
282
273
271
259
265
263
258
265
263
319
392
416
410
403
403
399
376
367
364
346
333
325
329
306
295
298
291
286
278
279
280
290
288
333
389
418
442
459
453
441
437
422
403
370
354
344
347
328
327
317
302
282
274
271
282
280
282
331
396
419
442
440
440
391
375
329
351
357
341
335
340
319
325
301
293
274
281
280
277
274
276
326
400
416
418
416
418
420
418
402
399
370
352
367
346
330
314
287
296
285
268
278
270
271
283
320
398
416
430
416
414
412
356
390
363
341
320
316
299
289
279
280
283
269
270
277
275
283
277
299
327
319
333
315
321
305
285
289
277
305
309
311
299
289
292
297
280
284
273
280
274
277
271
282
329
315
311
306
271
268
238
248
267
274
306
317
297
302
287
280
282
269
261
271
268
276
266
313
360
360
361
361
356
351
351
361
355
346
337
330
314
310
288
294
290
285
275
275
289
289
287
322
369
354
358
362
327
320
320
338
353
340
342
336
318
296
292
280
281
283
270
280
277
289
276
315
367
345
363
357
353
367
347
340
321
313
310
300
289
277
281
277
276
264
268
278
258
274
278
303
347
360
364
346
307
292
262
252
287
279
294
285
283
273
259
249
249
254
240
249
250
246
248
268
331
309
312
304
297
304
290
246
244
248
267
276
270
251
256
249
254
244
253
240
245
259
243
272
296
289
294
274
277
264
267
254
259
268
267
271
260
254
235
235
234
236
237
236
238
241
233
255
284
269
265
261
238
236
192
185
198
217
247
271
250
259
275
266
262
268
261
257
254
270
270
298
368
407
416
361
350
327
340
375
370
332
323
311
296
305
281
267
271
265
264
258
249
267
259
300
366
393
422
390
356
335
325
321
308
301
317
327
304
296
292
293
285
268
265
268
263
274
268
313
369
391
423
428
415
402
391
360
349
327
322
333
316
288
287
279
269
263
269
262
255
265
263
310
366
401
416
396
373
334
330
306
277
287
315
326
326
330
332
311
290
281
285
287
285
295
297
341
390
422
447
440
400
375
365
348
309
335
324
326
312
319
309
307
293
277
282
274
275
283
284
296
326
319
312
308
309
288
288
261
274
258
278
298
286
265
279
265
271
263
259
270
261
260
259
270
297
297
283
277
287
273
256
258
279
283
296
295
281
282
277
281
262
256
262
249
244
252
255
299
367
395
406
393
399
391
392
392
354
305
307
303
271
269
274
281
262
253
258
254
261
269
275
307
369
419
412
373
366
333
309
291
275
261
313
315
282
292
293
284
281
277
283
274
282
289
280
328
382
455
438
393
355
335
314
272
265
266
285
293
281
271
262
265
266
249
247
244
253
249
253
316
361
381
389
366
323
316
328
324
328
325
291
296
298
279
279
254
250
242
238
244
247
252
257
315
379
408
403
374
369
325
308
273
217
227
243
268
248
245
242
256
259
245
245
244
258
253
252
273
300
301
277
249
231
229
224
210
195
177
227
265
243
238
227
233
240
226
236
233
240
248
236
265
283
302
283
243
223
221
217
217
233
242
262
273
262
257
251
248
246
232
226
234
234
241
236
307
359
409
386
368
345
323
315
295
268
247
268
288
271
273
278
257
259
263
261
250
261
264
273
302
402
439
436
400
376
344
340
322
276
266
277
313
306
296
282
275
268
263
251
252
260
259
267
313
401
450
408
364
379
364
346
351
330
308
284
288
278
264
257
252
238
223
231
225
229
231
244
276
350
369
381
391
385
397
400
400
369
331
313
315
300
290
286
271
264
255
258
245
252
251
261
302
354
397
405
390
385
350
325
282
263
243
262
275
270
263
265
255
251
242
236
239
242
241
239
241
289
272
268
234
232
202
205
218
217
220
240
253
255
251
248
249
243
245
243
243
249
256
240
253
297
317
290
261
243
206
202
222
214
236
244
260
263
270
259
260
251
250
243
256
251
255
251
313
403
432
433
389
373
343
327
314
287
233
243
278
263
266
272
263
271
258
261
258
259
273
273
311
397
447
429
425
408
395
377
386
378
320
307
304
292
301
301
273
268
266
276
263
269
261
260
302
363
411
413
381
381
333
314
293
268
269
275
294
273
281
266
242
236
231
223
230
224
232
236
274
326
374
394
396
381
365
374
359
328
322
300
287
272
259
278
244
243
233
222
236
222
231
228
272
326
373
409
423
415
420
392
365
336
294
275
269
260
264
252
249
249
236
239
248
246
253
238
249
288
289
304
316
323
306
314
293
293
288
279
279
284
281
264
256
250
242
239
244
241
274
275
284
289
269
257
251
301
304
340
360
365
299
264
275
286
253
255
240
236
232
234
240
238
246
271
329
372
419
448
459
440
445
476
443
410
372
320
295
304
303
294
285
292
264
270
262
264
269
295
330
363
408
438
452
415
412
538
592
533
448
364
322
309
312
289
283
275
262
252
260
262
267
303
341
390
419
471
437
523
572
443
507
451
430
334
320
312
299
283
275
269
251
268
252
261
258
298
341
385
435
462
514
491
523
533
520
390
335
345
314
318
320
289
268
262
250
260
265
247
270
291
340
386
423
413
431
430
518
467
411
398
379
354
285
252
283
257
253
253
247
245
246
252
257
264
282
307
305
315
324
322
287
299
312
299
292
269
279
281
286
263
249
251
239
250
250
244
252
271
276
295
284
277
263
250
237
256
264
260
269
281
271
285
287
264
262
258
250
252
245
242
250
274
326
364
405
408
389
373
375
408
450
445
353
278
294
285
308
287
276
274
255
256
262
256
269
296
338
353
403
397
402
410
410
428
419
428
382
319
301
310
315
281
283
260
266
260
262
265
265
299
340
374
390
379
387
356
341
350
324
379
317
313
273
270
290
259
256
258
276
261
250
258
267
299
347
386
433
447
463
489
498
516
510
473
430
368
326
297
294
270
261
260
259
253
259
257
274
286
339
399
469
451
542
551
478
475
355
354
305
285
280
275
287
254
245
247
248
239
250
245
240
268
270
282
281
264
254
254
263
250
258
262
284
282
269
262
267
249
246
243
236
241
229
242
241
260
265
282
278
285
310
324
315
363
316
331
291
269
301
265
272
256
261
243
241
240
227
244
239
256
291
300
305
323
329
322
396
323
280
302
397
283
263
268
261
258
240
236
236
227
234
237
239
250
268
321
317
326
319
322
317
417
409
372
350
290
273
244
237
260
224
224
220
225
235
234
239
248
271
338
338
383
429
453
473
475
464
421
382
321
274
227
237
250
197
220
217
216
215
230
233
247
273
327
341
383
429
448
452
461
440
426
382
312
259
225
223
238
213
213
211
224
220
229
236
249
280
309
341
386
425
444
448
449
413
397
335
261
244
207
216
232
209
195
199
209
202
205
212
222
240
274
298
275
280
330
371
442
434
376
356
304
264
209
213
224
200
205
198
206
202
213
218
227
256
289
309
353
400
430
422
426
393
379
306
274
242
237
229
218
218
214
215
207
221
231
225
244
271
308
341
371
404
444
452
453
425
418
343
306
260
217
209
218
192
199
198
199
203
215
214
243
294
364
394
440
485
518
519
512
488
455
400
321
277
232
232
251
217
217
208
207
206
223
222
243
309
364
425
488
525
547
553
542
497
461
399
318
280
236
226
237
213
213
195
210
209
214
220
227
306
370
426
464
502
512
528
537
519
462
405
334
304
247
228
247
207
200
206
201
206
209
212
245
288
348
390
423
421
437
432
567
474
441
409
320
270
244
217
229
215
212
215
218
213
229
223
240
270
314
310
368
413
435
452
450
435
431
369
303
274
218
217
210
201
211
192
202
196
213
214
228
264
301
310
358
407
432
443
443
433
416
353
303
275
227
208
209
205
205
208
195
193
210
200
212
281
321
366
396
400
397
409
398
428
371
357
354
325
248
239
253
231
225
223
223
235
221
230
240
299
338
414
462
457
445
476
465
484
460
375
377
330
286
275
313
271
256
247
241
248
240
244
248
317
368
446
515
561
525
446
462
384
367
313
261
291
260
271
278
253
243
232
239
230
230
230
245
303
352
392
403
491
500
436
395
458
436
402
300
294
290
280
285
255
251
240
246
242
242
243
256
312
372
419
439
402
446
437
470
405
348
306
288
279
254
246
258
241
242
238
229
229
235
222
244
254
268
280
287
299
295
281
292
304
300
274
261
274
256
247
253
229
227
222
221
217
226
217
237
249
270
303
306
267
320
419
443
363
313
312
252
254
240
252
259
228
235
214
226
219
212
225
233
293
367
403
406
434
390
445
410
595
498
405
329
290
276
268
262
249
251
242
233
232
247
236
263
310
337
386
372
383
361
419
472
443
390
365
307
317
296
295
295
266
264
254
260
255
260
246
275
352
404
456
481
463
492
523
520
435
361
327
263
283
256
235
257
234
230
226
229
223
219
220
228
299
336
393
398
428
491
485
417
395
361
320
284
266
262
269
256
230
233
228
215
222
217
219
229
304
357
394
439
381
366
374
380
340
322
308
281
255
232
231
236
227
222
226
220
225
230
219
242
261
293
332
298
304
385
383
365
422
381
310
301
298
283
267
257
242
234
235
240
228
249
244
242
281
298
317
339
451
269
413
346
293
347
305
269
261
259
250
256
230
229
227
222
222
226
203
236
302
345
377
386
403
459
394
414
492
456
334
295
243
260
254
246
232
228
211
211
203
205
204
228
309
347
384
422
468
473
420
341
378
357
313
310
302
273
251
246
229
212
215
205
209
210
204
239
298
347
377
450
523
434
462
487
430
447
351
237
278
246
245
231
218
219
208
213
210
212
206
220
286
325
377
376
449
383
371
408
359
321
325
323
273
288
267
263
249
225
224
215
213
216
205
233
292
351
381
375
404
413
403
368
344
306
266
258
248
265
252
250
225
236
215
205
215
215
206
230
247
280
281
296
278
261
274
282
264
272
266
270
274
275
247
246
230
223
218
209
221
222
204
225
241
263
287
296
343
278
361
348
319
306
269
275
259
251
255
234
230
212
212
213
212
214
213
226
291
326
331
357
352
338
364
372
349
424
414
327
295
235
222
206
207
211
208
215
217
214
209
226
269
309
360
405
437
456
467
462
458
430
387
329
294
241
192
186
187
196
184
195
194
203
195
209
286
356
390
386
426
427
430
533
509
401
295
242
230
232
227
209
203
208
188
198
192
190
183
186
245
325
360
419
525
475
474
412
457
406
390
315
249
219
224
205
199
198
196
190
194
193
209
194
274
326
390
448
487
442
449
524
477
441
386
330
254
212
190
173
160
162
168
158
173
162
159
166
190
217
220
222
236
237
253
318
347
317
261
217
212
191
172
173
167
174
170
174
170
170
163
169
209
226
258
248
275
364
308
270
420
401
384
319
268
228
181
166
171
172
166
178
177
159
167
178
254
310
315
401
439
478
441
442
333
303
275
231
210
215
191
178
175
175
171
164
158
165
153
167
215
263
312
362
366
365
377
341
298
292
228
218
224
209
195
185
173
168
167
166
160
156
151
171
215
279
325
405
413
430
354
436
339
373
259
206
188
154
165
148
141
145
150
146
148
153
142
164
201
233
261
319
367
348
399
303
229
235
212
198
189
163
163
160
144
163
150
151
154
149
141
153
173
200
237
256
375
354
342
361
255
220
206
176
197
162
172
154
160
156
154
153
164
153
146
161
179
216
200
228
225
235
263
219
248
306
333
291
238
206
190
174
172
189
164
170
168
169
159
169
192
203
239
240
279
283
374
352
341
267
338
267
258
213
171
169
175
171
160
152
161
152
147
172
217
276
388
446
476
512
451
497
390
373
242
243
172
176
153
144
118
123
107
114
108
109
109
130
191
251
302
407
463
508
488
465
501
412
354
229
209
166
161
152
120
127
115
115
112
104
101
113
164
218
265
279
274
287
304
382
390
250
185
162
175
166
169
147
132
129
116
120
111
110
104
124
190
223
277
315
310
330
393
310
404
392
313
302
214
215
173
157
121
121
119
119
117
106
115
121
165
208
252
285
287
281
268
244
221
190
229
148
156
145
137
122
110
118
103
106
102
97
100
96
132
148
210
158
167
159
150
195
253
196
185
157
162
127
129
111
112
113
107
108
106
99
101
122
153
188
229
244
334
338
358
397
391
315
340
218
195
186
135
120
101
117
101
109
105
104
99
114
173
212
272
321
358
385
401
402
382
365
334
286
234
184
132
110
107
98
103
94
99
90
94
122
169
216
302
303
337
366
450
482
471
431
384
314
263
215
163
159
133
125
125
115
105
111
104
122
181
246
328
395
433
468
470
459
397
339
264
223
208
147
140
150
127
118
121
118
122
97
103
118
178
234
275
306
367
436
510
501
483
411
366
308
264
208
158
137
112
123
120
110
105
104
102
140
183
229
280
394
444
465
457
452
314
228
318
198
162
149
155
137
117
117
115
121
108
105
111
112
146
145
194
180
230
223
255
296
370
252
251
219
192
186
153
146
118
112
105
115
108
109
109
124
168
156
204
245
275
213
195
277
252
228
237
198
154
146
133
137
124
115
123
129
112
105
111
127
179
226
261
281
296
302
282
285
267
254
201
195
169
166
158
152
133
135
120
120
120
114
109
120
161
201
287
313
409
359
365
381
252
249
235
173
176
149
151
148
128
119
132
119
107
110
104
121
169
219
265
269
255
273
269
277
291
249
227
205
176
166
159
143
137
121
116
119
112
112
102
122
180
232
275
281
326
335
389
398
354
319
248
198
193
157
163
145
115
117
110
113
103
102
102
122
180
234
342
380
427
440
458
419
332
248
209
179
163
137
141
127
115
119
118
122
118
111
103
124
137
167
188
257
284
336
312
277
174
169
185
254
242
156
155
141
119
130
125
117
124
115
124
131
160
221
246
280
302
362
342
336
294
379
353
301
255
208
163
144
124
118
120
122
112
113
116
136
203
253
354
392
431
455
467
456
427
395
309
244
223
169
136
127
111
112
111
101
100
97
97
108
149
186
218
226
247
272
262
198
252
204
178
171
160
147
134
131
104
119
120
105
110
97
112
133
187
238
281
330
248
283
254
241
211
219
257
202
158
120
108
104
84
99
86
99
94
83
81
93
131
154
185
198
228
251
246
212
247
283
265
209
166
154
127
106
97
94
91
92
96
85
89
108
144
213
231
349
371
413
425
419
407
377
343
275
225
185
136
113
91
98
93
88
93
78
89
101
137
190
233
297
327
276
360
295
174
188
230
130
191
154
124
113
92
93
91
91
91
79
88
104
136
166
173
229
312
277
316
294
212
242
212
177
156
115
129
120
88
90
87
90
82
77
77
102
149
209
253
309
369
359
298
314
307
263
266
179
193
171
164
156
123
135
125
128
128
114
124
125
177
228
229
223
210
241
204
228
205
180
180
159
156
147
143
125
119
115
119
121
114
111
100
127
180
241
234
258
267
302
304
296
290
390
376
309
257
209
171
143
113
127
115
121
109
116
106
133
195
241
307
354
399
435
417
395
426
391
362
292
234
201
161
130
115
112
112
108
114
100
113
127
188
230
271
249
323
319
344
252
254
275
241
237
198
156
153
133
111
115
114
113
107
107
105
127
174
191
163
207
189
165
179
153
161
157
165
172
173
183
153
137
110
120
111
112
112
102
109
130
169
208
248
193
198
237
386
390
313
294
225
174
211
176
152
134
108
124
114
121
114
110
110
120
176
214
276
330
374
376
319
402
387
311
228
168
171
166
153
133
120
119
116
118
106
107
104
129
180
215
246
300
264
215
261
206
270
259
226
171
152
153
145
128
117
118
119
120
113
112
108
131
174
206
214
198
213
231
275
236
252
203
199
180
182
150
144
145
119
119
124
119
124
111
120
118
169
185
193
217
225
218
223
205
231
220
272
179
153
133
153
136
126
123
125
118
118
119
108
126
161
208
178
178
208
209
172
196
263
188
177
146
123
109
96
99
85
103
81
93
87
80
81
103
121
146
139
146
138
155
153
141
152
162
154
133
131
114
117
102
86
97
94
94
84
88
80
92
103
120
136
144
189
172
201
224
295
248
214
168
145
172
112
107
80
85
85
85
81
75
76
87
124
164
176
211
234
241
201
185
252
287
283
270
223
168
125
102
88
92
90
87
81
79
81
96
150
200
252
321
354
370
381
243
185
156
147
156
135
124
120
107
85
86
89
86
87
78
75
84
113
155
154
174
179
176
181
237
188
172
191
177
133
163
130
95
88
91
83
88
80
93
77
82
125
160
166
151
171
166
183
155
149
144
145
163
145
139
132
100
88
95
92
92
94
92
93
91
134
161
184
182
171
190
186
176
181
178
177
134
131
106
111
90
100
95
96
93
89
92
88
93
118
144
163
160
186
165
210
190
204
198
176
154
130
120
110
103
93
102
89
94
90
88
90
98
124
145
138
165
144
165
149
153
156
158
139
162
167
133
117
94
96
97
88
94
86
90
87
86
107
149
143
173
225
150
246
188
178
138
128
163
116
104
102
99
85
99
86
88
90
92
87
87
127
170
190
233
308
347
385
336
416
285
210
195
152
125
112
93
89
87
88
88
81
85
77
89
119
153
160
168
175
270
235
186
192
178
167
162
144
115
100
94
82
88
88
87
84
82
80
89
117
126
148
163
165
172
202
199
200
200
150
119
110
99
100
93
80
87
96
88
84
92
79
90
116
164
169
182
234
221
259
231
196
200
173
158
145
133
105
87
85
87
98
89
83
90
79
92
108
136
174
273
292
352
377
381
366
301
244
234
176
159
121
98
84
87
89
83
81
78
77
82
106
118
133
214
248
325
340
323
324
239
209
167
129
110
106
97
83
78
93
77
83
80
77
78
114
141
164
187
253
306
299
275
208
198
198
182
128
122
116
86
84
72
100
77
85
78
79
74
110
127
157
172
181
167
151
144
141
150
113
141
111
118
97
90
81
95
101
95
89
92
86
101
132
184
202
215
210
213
227
279
236
245
190
172
159
130
114
104
91
94
102
95
97
88
94
97
135
171
186
230
247
267
259
252
247
284
236
261
198
133
123
102
90
91
102
92
91
100
82
100
137
186
244
282
332
363
343
350
354
337
278
241
182
144
115
92
81
88
90
85
83
81
77
83
115
160
205
252
289
318
332
347
343
340
302
228
179
143
122
94
85
83
88
82
81
79
76
81
97
124
147
130
146
207
192
180
162
160
161
135
105
104
99
96
87
87
97
83
88
85
83
82
99
109
132
137
166
211
167
171
206
209
247
269
174
176
118
99
91
86
102
88
93
92
92
89
132
177
229
276
336
320
337
384
332
227
160
211
161
132
113
103
91
96
94
85
87
82
81
88
109
141
175
165
197
182
155
162
223
330
297
237
194
146
110
101
90
90
95
89
88
87
82
92
141
202
228
230
235
222
186
186
169
174
163
135
115
121
109
99
107
96
108
95
103
97
97
92
127
160
209
187
299
396
398
310
320
370
284
259
187
158
114
90
96
85
101
93
87
95
92
90
112
156
174
171
181
147
164
159
153
153
142
159
123
126
115
109
102
101
100
100
97
92
96
94
113
137
209
235
277
360
368
367
364
335
303
259
214
162
125
106
99
94
101
90
92
90
87
88
105
129
155
165
196
249
355
385
379
344
302
269
195
146
118
100
93
92
105
89
92
90
92
85
121
146
159
171
231
236
192
219
173
176
164
176
150
125
108
108
99
99
102
95
96
93
88
102
126
175
224
239
245
216
224
208
184
181
208
182
184
158
116
109
94
96
101
95
93
94
93
95
129
161
183
204
217
230
348
272
230
227
157
134
132
117
124
113
104
105
114
102
105
105
96
102
131
180
190
208
239
265
312
363
378
367
317
173
138
139
111
101
102
94
107
98
94
99
92
96
117
173
188
173
204
214
246
205
244
231
183
150
125
123
113
107
104
100
101
98
93
95
92
95
108
136
174
194
212
308
363
357
299
330
281
252
195
156
107
107
92
90
103
92
87
95
93
86
116
191
213
242
307
263
258
213
210
222
190
181
150
130
115
107
103
96
98
94
88
95
94
93
137
185
210
280
281
239
228
182
217
222
159
142
127
129
116
110
101
109
111
107
102
100
97
108
140
173
182
180
189
185
207
211
210
207
188
156
140
148
134
123
112
109
119
117
111
111
112
111
167
219
273
326
374
410
403
413
301
283
237
214
200
138
134
121
111
112
122
108
112
111
104
112
146
198
225
207
218
235
231
280
354
287
324
281
177
149
123
106
106
100
115
106
98
105
100
104
120
155
155
159
170
217
198
201
196
181
160
167
144
138
119
117
108
107
114
107
102
102
102
107
118
138
180
268
308
349
330
257
210
259
185
128
122
121
120
114
107
105
114
104
103
104
106
105
132
198
233
288
307
301
355
358
414
320
220
273
163
154
131
116
108
104
113
107
106
107
108
128
155
190
247
317
366
406
423
422
392
368
315
273
221
180
140
133
124
127
133
125
123
121
121
128
158
223
269
336
372
401
427
421
397
362
315
267
217
178
139
144
131
127
134
127
127
129
126
127
164
184
212
232
249
319
400
415
354
321
297
251
215
171
145
137
133
130
140
128
131
131
127
126
158
186
256
327
339
255
280
230
204
195
169
156
139
143
137
131
130
124
135
128
121
127
124
125
138
155
179
198
252
235
313
300
265
205
191
196
161
148
141
136
128
132
131
130
125
123
127
126
134
157
217
284
337
243
192
225
193
231
205
180
181
147
142
138
128
127
137
127
124
128
126
125
148
173
210
217
227
255
277
279
280
256
225
190
161
150
143
142
137
130
137
136
129
131
128
151
175
198
238
310
291
295
360
348
316
274
285
258
196
169
161
156
150
147
153
148
145
150
149
152
171
195
222
252
291
338
393
433
382
337
286
286
236
187
159
154
152
146
151
145
146
147
148
147
168
198
235
263
378
436
439
435
405
380
347
269
232
184
162
160
151
147
158
147
150
152
148
153
176
235
272
337
386
416
432
434
420
373
322
277
225
188
162
153
149
144
153
146
146
147
147
151
155
200
224
304
307
348
403
396
389
354
318
274
229
180
158
155
151
143
147
145
145
145
140
146
150
176
220
252
293
368
376
371
376
323
304
279
182
172
153
153
146
139
148
140
140
142
143
144
159
215
273
330
385
417
433
432
425
377
319
265
217
175
158
169
164
159
165
162
156
162
161
184
198
235
285
362
418
435
449
459
446
413
352
311
274
225
193
191
185
184
190
186
186
189
189
191
200
210
238
257
273
319
445
450
439
391
358
313
261
218
198
192
191
186
193
187
187
193
192
190
202
237
285
343
367
416
444
439
422
388
336
277
246
212
192
189
186
186
188
185
184
184
190
186
198
230
265
336
393
427
440
458
423
384
337
298
247
202
183
188
184
178
186
182
178
180
186
182
192
206
250
307
347
385
408
394
382
360
326
250
200
199
191
188
182
181
188
183
183
182
185
183
192
196
211
233
254
260
252
261
266
227
301
278
220
193
190
191
183
183
185
184
182
185
181
187
198
214
260
285
289
291
316
309
301
282
249
226
199
192
192
189
184
180
184
180
180
180
184
182
192
203
235
248
262
279
283
264
267
228
206
204
196
195
191
188
182
180
186
179
183
186
184
183
195
206
228
262
251
264
252
267
239
241
246
229
202
193
194
194
186
184
186
182
184
184
188
188
196
215
248
285
331
323
305
288
261
239
220
211
199
196
196
197
190
187
194
189
185
191
194
189
199
209
227
232
244
250
242
241
236
216
211
210
192
197
195
193
189
185
192
188
184
186
187
185
192
196
198
198
211
215
220
235
232
242
210
214
200
198
191
193
191
182
190
185
184
188
186
184
191
198
206
231
250
252
318
290
236
236
292
245
219
200
200
194
188
189
193
186
189
189
189
191
203
209
231
243
241
256
275
270
343
360
250
232
204
204
200
196
190
188
195
188
185
187
191
193
200
215
225
233
327
317
414
445
401
382
324
284
231
198
197
191
186
187
194
188
186
194
188
188
205
214
232
231
239
249
246
263
280
286
243
225
206
199
199
195
191
190
193
188
186
187
190
190
204
212
243
247
254
258
297
290
267
260
278
222
203
196
198
197
192
187
190
186
185
192
188
190
200
207
235
245
241
236
254
248
237
239
221
218
204
196
197
196
166
149
173
157
160
163
166
164
162
188
200
213
221
267
275
278
282
285
209
201
184
193
182
190
164
169
175
163
168
170
172
164
185
201
239
297
330
385
391
351
374
272
205
191
182
182
192
187
171
165
167
166
153
163
160
168
205
242
250
258
268
280
283
287
262
263
214
170
155
165
161
152
136
125
142
127
119
130
205
208
224
229
253
263
268
265
258
266
262
274
250
233
211
217
215
209
204
200
207
204
203
205
204
205
217
227
281
350
394
399
349
395
404
195
135
110
68
69
69
63
60
58
65
62
56
60
166
170
200
248
330
365
425
349
379
412
440
322
231
212
207
209
202
191
171
161
171
156
146
159
161
167
193
239
291
318
380
429
445
427
401
315
196
217
179
178
182
162
157
143
158
147
146
153
155
156
155
175
205
244
223
188
195
220
204
200
181
182
175
180
197
184
183
179
182
182
181
183
180
180
185
194
199
208
235
283
317
315
250
231
225
199
192
192
192
188
184
182
184
179
183
187
180
185
195
207
235
255
256
238
259
271
247
243
201
194
190
192
193
189
182
178
187
183
187
180
182
184
193
207
236
273
344
292
278
261
254
231
201
194
188
198
191
188
183
180
186
183
180
182
184
184
196
211
240
273
287
312
288
255
219
209
204
194
192
194
197
186
184
179
187
185
182
181
185
188
196
209
228
243
313
328
293
330
321
283
195
171
163
171
170
159
144
134
130
127
124
129
122
140
164
203
250
245
273
264
281
295
262
194
206
179
146
144
148
145
133
125
129
126
122
123
127
126
135
149
165
154
158
200
182
185
168
162
155
152
141
162
159
160
135
118
141
128
130
127
125
133
134
162
146
148
152
157
173
169
162
143
143
152
139
161
148
144
128
123
127
118
120
120
124
113
151
177
194
192
201
225
230
219
233
276
264
225
178
180
181
180
173
167
173
169
172
169
170
175
179
198
202
208
219
241
246
233
312
263
207
207
189
184
184
186
180
177
181
171
175
178
174
178
188
195
202
205
225
245
229
236
218
206
195
190
193
187
182
185
177
174
178
173
170
173
178
175
182
191
201
207
284
270
250
248
231
196
184
176
178
185
174
168
155
138
136
133
126
136
131
145
168
209
250
254
308
353
313
301
355
220
149
142
156
152
154
149
135
128
134
132
124
128
131
130
140
153
162
151
144
146
152
158
231
182
172
167
147
167
159
163
142
122
146
127
132
134
128
133
139
168
159
211
265
290
318
289
271
221
214
177
151
162
154
148
132
132
137
125
126
126
135
126
159
185
214
224
232
231
249
256
264
233
225
199
194
198
197
199
194
186
192
188
187
189
191
188
202
217
227
237
241
251
290
262
270
249
207
195
191
195
198
192
185
181
190
184
184
185
187
186
193
209
225
234
237
238
248
239
241
226
222
198
195
195
194
192
187
185
186
182
181
180
184
182
195
211
224
244
335
353
306
290
259
235
179
171
176
186
185
176
154
141
144
139
132
144
136
155
177
224
282
318
383
407
420
402
366
284
209
150
160
153
159
153
146
134
137
136
129
134
138
134
143
159
172
174
247
264
249
200
225
151
145
162
151
170
165
166
144
124
147
132
135
137
133
137
139
170
157
163
157
173
188
186
230
150
161
161
158
168
161
160
141
134
142
129
128
133
135
129
165
194
233
276
311
345
368
364
370
330
267
209
206
210
209
206
202
198
203
194
197
198
201
200
209
221
236
249
258
259
267
273
259
232
205
205
200
207
207
201
196
192
197
193
195
193
194
199
206
220
226
226
230
244
242
241
265
293
217
207
198
203
203
200
196
191
196
189
193
194
193
194
209
218
233
261
365
357
306
289
334
216
196
188
191
203
191
183
167
145
146
143
138
148
137
155
181
231
287
280
303
287
288
271
243
203
159
153
166
161
172
159
150
142
146
144
131
139
143
141
152
164
183
172
169
169
230
236
255
230
161
171
166
186
181
183
159
137
166
144
153
151
152
148
156
163
198
251
209
320
303
283
219
166
127
160
175
166
181
170
165
146
150
139
138
142
148
135
180
206
241
259
270
291
285
257
266
238
220
220
213
216
214
212
205
205
211
205
207
204
206
207
223
233
262
296
298
322
320
297
284
236
218
221
215
217
213
210
206
202
208
203
204
203
201
208
217
229
247
266
261
280
267
263
241
222
220
221
214
216
215
212
208
205
211
206
206
206
211
210
219
232
246
253
344
327
396
381
318
214
202
198
204
216
212
193
178
162
159
157
149
159
150
170
200
246
304
296
318
308
309
278
257
209
163
165
179
173
185
172
155
154
158
158
144
154
158
151
171
178
188
185
196
202
162
154
169
160
163
183
173
194
185
192
163
143
175
157
161
159
158
162
167
198
182
195
218
246
225
183
173
160
178
184
197
206
199
190
167
159
161
163
154
165
167
175
204
254
303
304
305
311
313
307
300
248
214
206
192
203
196
195
163
154
154
143
137
141
141
153
184
241
268
330
364
395
360
315
271
234
211
197
197
204
199
184
164
149
149
139
136
148
137
149
182
242
271
323
297
269
298
261
242
218
194
184
191
193
195
180
154
140
143
144
141
144
144
145
188
231
293
308
366
313
288
308
284
252
219
212
208
214
192
203
159
140
155
137
138
133
146
141
188
225
275
287
287
300
295
264
246
211
184
190
171
177
176
168
135
126
137
132
128
135
132
133
153
170
186
177
201
204
192
174
166
174
166
183
174
184
181
175
134
131
138
131
136
131
143
135
159
185
183
185
229
274
269
219
185
173
166
188
188
194
195
181
139
144
144
140
137
139
139
145
190
235
293
64
362
367
377
343
298
264
218
204
197
201
195
200
161
145
153
141
148
139
153
151
180
232
306
337
394
430
420
387
336
250
217
200
193
196
202
188
162
159
159
144
150
146
155
152
201
245
286
310
358
382
372
336
284
228
203
196
198
197
193
177
150
150
154
146
143
139
158
155
198
232
289
314
377
379
383
349
302
245
213
214
216
212
202
195
166
146
155
156
147
154
150
168
193
251
302
318
372
386
373
344
292
232
206
197
187
197
189
185
165
150
162
152
152
154
164
159
175
198
213
209
259
298
290
261
214
192
196
208
207
205
208
193
178
160
171
167
156
167
166
167
183
202
218
207
251
291
285
258
225
189
191
203
207
214
213
202
176
164
171
163
162
163
169
178
213
265
313
343
384
411
395
362
326
294
235
231
214
216
224
203
175
172
171
172
169
169
172
178
219
254
316
332
348
339
321
350
353
313
267
253
245
258
244
233
203
195
203
186
190
185
192
186
231
291
330
346
338
344
331
328
296
287
267
263
245
260
266
253
219
209
213
197
194
200
198
199
234
283
347
347
346
337
346
354
355
314
286
284
288
298
273
269
236
220
235
224
194
187
196
193
246
293
333
337
331
377
372
370
320
274
235
232
219
224
221
218
183
189
190
190
192
187
187
187
200
222
231
225
232
259
249
236
220
221
222
220
212
200
200
196
161
153
166
166
157
168
169
159
185
220
230
223
227
250
240
241
249
250
230
237
247
246
257
236
202
191
197
184
184
193
192
189
243
285
344
354
373
363
355
343
361
320
285
283
283
268
272
258
219
198
209
196
199
193
204
200
237
298
351
364
372
357
346
353
345
297
262
247
245
250
237
234
209
198
195
193
192
197
201
203
239
308
318
301
307
298
315
289
286
280
261
250
221
230
221
201
182
167
182
164
173
167
175
178
219
262
303
336
324
307
308
313
310
286
256
251
240
249
223
207
182
175
181
162
156
166
170
167
219
254
312
323
312
307
303
289
281
255
237
237
235
240
223
222
192
191
177
186
175
170
184
174
199
219
238
234
213
219
228
202
224
214
215
235
224
226
227
217
185
186
189
188
177
188
186
188
209
227
245
238
236
247
246
235
230
229
230
247
237
245
240
241
197
176
186
175
176
171
181
184
219
293
335
300
330
336
322
310
337
330
259
263
261
223
221
205
189
190
191
190
184
192
207
216
237
294
372
363
343
339
335
349
341
309
248
239
230
231
218
212
179
171
174
174
156
160
158
168
203
274
329
329
310
312
302
306
261
263
233
232
239
232
222
209
183
184
176
177
174
174
181
187
230
262
311
321
325
316
314
304
308
293
256
247
241
247
233
225
194
177
186
177
162
171
173
179
216
251
326
339
342
332
312
321
296
251
239
221
220
218
217
229
184
178
186
184
178
177
185
175
200
220
235
225
214
220
204
209
217
212
219
223
231
221
234
222
186
186
184
188
179
194
182
190
202
225
237
230
231
223
233
220
226
225
232
241
234
243
247
234
204
184
192
188
183
182
187
202
223
279
340
369
370
342
351
346
361
325
269
257
249
256
250
250
210
194
203
193
198
185
195
193
231
278
384
412
400
396
371
393
398
365
313
284
270
261
241
243
212
209
208
199
196
196
198
201
249
307
360
358
354
349
334
362
336
329
296
281
273
281
269
274
246
214
225
221
205
208
210
234
259
324
401
425
438
422
420
414
418
392
354
351
345
354
331
326
297
275
284
262
240
234
246
248
304
350
413
425
422
417
400
396
372
332
309
302
292
293
282
285
250
244
244
242
242
234
232
219
234
261
269
271
263
262
264
270
276
267
269
284
272
283
273
275
242
229
247
236
257
245
252
262
293
328
337
324
309
326
325
320
318
320
315
332
327
341
315
313
284
264
279
265
268
264
268
252
300
345
404
412
417
408
402
415
432
393
344
331
314
338
325
317
284
271
274
272
265
269
273
276
305
351
393
409
406
407
400
391
382
366
349
321
309
322
322
320
298
286
288
282
264
266
274
269
317
359
415
435
416
401
367
357
338
338
314
320
316
301
288
270
245
231
236
232
228
238
254
251
293
334
343
356
333
338
326
309
300
301
305
298
302
293
285
291
241
247
254
255
251
248
253
244
286
306
322
305
307
289
295
285
305
304
294
299
288
296
292
290
251
253
257
256
252
252
258
251
277
293
294
287
284
262
267
262
271
283
267
302
286
303
289
284
258
242
249
237
243
238
246
227
263
277
283
279
262
286
289
294
291
293
295
290
287
288
291
278
255
224
247
237
229
246
239
245
258
284
289
269
272
249
246
240
262
262
260
268
259
265
254
268
233
235
233
242
226
243
230
235
263
287
292
283
271
271
276
277
306
295
289
292
274
279
271
270
243
254
236
249
245
241
234
240
279
297
310
300
292
289
289
287
287
303
294
304
284
294
288
282
257
249
263
243
250
246
253
253
283
302
298
307
285
290
293
275
281
279
285
272
279
266
254
257
233
216
220
231
219
229
224
230
254
290
291
302
268
273
273
275
285
284
278
270
258
266
264
269
241
241
234
225
226
218
227
220
259
259
273
260
251
254
265
248
261
265
255
268
276
280
274
281
243
244
