0
0
0
0
0
0
0
0
0
0
0
21.332
8.3186
8.7182
0
0
0
0
0
0
0
0
0
0
0
0
0
0
0
0
0
0
0
0
0
12.242
14.15
10.784
0
0
0
0
0
0
0
0
0
0
0
0
0
0
0
0
0
0
0
0
0
12.5
16.68
9.9765
0
0
0
0
0
0
0
0
0
0
0
0
0
0
0
0
0
0
0
0
0
21.496
17.835
15.97
0
0
0
0
0
0
0
0
0
0
0
0
0
0
0
0
0
0
0
0
0
24.784
25.714
46.909
0
0
0
0
0
0
0
0
0
0
0
0
0
0
0
0
0
0
0
0
0
21.637
21.153
38.322
0
0
0
0
0
0
0
0
0
0
0
0
0
0
0
0
0
0
0
0
0
10.86
14.365
50.176
0
0
0
0
0
0
0
0
0
0
0
0
0
0
0
0
0
0
0
0
0
12.844
21.702
35.871
0
0
0
0
0
0
0
0
0
0
0
0
0
0
0
0
0
0
0
0
0
19.978
18.872
25.427
0
0
0
0
0
0
0
0
0
0
0
0
0
0
0
0
0
0
0
0
5.6242
15.51
20.443
29.601
0
0
0
0
0
0
0
0
0
0
0
0
0
0
0
0
0
0
0
0
5.1891
29.222
28.37
44.168
12.179
0
0
0
0
0
0
0
0
0
0
0
0
0
0
0
0
0
0
0
14.472
18.027
22.649
56.5
7.3253
0
0
0
0
0
0
0
0
0
0
0
0
0
0
0
0
0
0
0
11.214
0
34.262
72.817
7.0313
0
0
0
0
0
0
0
0
0
0
0
0
0
0
0
0
0
0
0
7.7167
21.528
20.396
20.989
5.7584
0
0
0
0
0
0
0
0
0
0
0
0
0
0
0
0
0
0
0
8.6838
12.594
21.126
13.728
6.1839
0
0
0
0
0
0
0
0
0
0
0
0
0
0
0
0
0
0
0
0
7.746
22.995
51.282
30.412
0
0
0
0
0
0
0
0
0
0
0
0
0
0
0
0
0
0
0
19.159
24.721
21.772
51.121
10.648
0
0
0
0
0
0
0
0
0
0
0
0
0
0
0
0
0
0
0
24.654
55.174
18.865
7.7259
11.189
0
0
0
0
0
0
0
0
0
0
0
0
0
0
0
0
0
0
0
16.883
35.354
30.013
48.289
47.652
0
0
0
0
0
0
0
0
0
0
0
0
0
0
0
0
0
0
0
22.296
38.496
41.098
80.721
95.022
0
0
0
0
0
0
0
0
0
0
0
0
0
0
0
0
0
0
0
30.511
50.194
41.276
73.53
67.481
0
0
0
0
0
0
0
0
0
0
0
0
0
0
0
0
0
0
0
14.647
28.594
31.087
36.58
22.169
0
0
0
0
0
0
0
0
0
0
0
0
0
0
0
0
0
0
0
0
0
5.3983
0
0
0
0
0
0
0
0
0
0
0
0
0
0
0
0
0
0
0
0
0
9.4481
21.628
22.216
17.311
7.646
0
0
0
0
0
0
0
0
0
0
0
0
0
0
0
0
0
0
0
51.54
60.763
50.523
87.242
117.46
0
0
0
0
0
0
0
0
0
0
0
0
0
0
0
0
0
0
0
54.241
62.484
49.184
83.793
132.93
0
0
0
0
0
0
0
0
0
0
0
0
0
0
0
0
0
0
0
60.723
64.736
50.295
76.932
100.07
0
0
0
0
0
0
0
0
0
0
0
0
0
0
0
0
0
0
0
18.983
27.008
41.101
74.352
102.49
0
0
0
0
0
0
0
0
0
0
0
0
0
0
0
0
0
0
0
54.726
61.876
44.869
88.828
125.09
5.6307
0
0
0
0
0
0
0
0
0
0
0
0
0
0
0
0
0
0
13.311
18.464
69.288
78.463
125.48
3.6347
0
0
0
0
0
0
0
0
0
0
0
0
0
0
0
0
0
0
84.59
73.855
57.485
93.625
128.02
3.9125
0
0
0
0
0
0
0
0
0
0
0
0
0
0
0
0
0
0
54.013
46.224
73.97
62.172
10.289
0
0
0
0
0
0
0
0
0
0
0
0
0
0
0
0
0
0
26.043
108.92
87.368
55.517
74.974
6.4587
0
0
0
0
0
0
0
0
0
0
0
0
0
0
0
0
0
0
28.099
98.039
80.33
60.784
61.149
110.26
0
0
0
0
0
0
0
0
0
0
0
0
0
0
0
0
0
0
28.417
86.825
74.987
66.772
89.942
108.15
59.864
0
0
0
0
0
0
0
0
0
0
0
0
0
0
0
0
0
12.144
10.602
42.826
36.551
81.061
93.454
42.299
0
0
0
0
0
0
0
0
0
0
0
0
0
0
0
0
0
38.245
110.77
86.866
69.179
100.12
119
81.788
0
0
0
0
0
0
0
0
0
0
0
0
0
0
0
0
0
44.128
100.55
85.656
70.838
104.17
146.65
98.378
0
0
0
0
0
0
0
0
0
0
0
0
0
0
0
0
0
55.01
116.59
86.858
73.81
100.3
120.93
93.292
0
0
0
0
0
0
0
0
0
0
0
0
0
0
0
0
0
54.859
87.6
81.58
71.319
87.364
127.04
90.998
0
0
0
0
0
0
0
0
0
0
0
0
0
0
0
0
0
60.092
106.37
92.325
74.646
113.15
168.31
141.39
0
0
0
0
0
0
0
0
0
0
0
0
0
0
0
0
0
79.501
135.58
102.79
78.155
104.27
147.62
120.57
0
0
0
0
0
0
0
0
0
0
0
0
0
0
0
0
0
28.724
54.863
82.036
77.073
98.548
151.45
165.2
0
0
0
0
0
0
0
0
0
0
0
0
0
0
0
0
0
75.792
94.222
91.007
80.492
121.78
176.9
162.92
0
0
0
0
0
0
0
0
0
0
0
0
0
0
0
0
0
97.64
0
8.3967
106.75
110.62
213.29
221.39
17.2
0
0
0
0
0
0
0
0
0
0
0
0
0
0
0
0
0
40.973
68.316
81.344
140.59
203.34
59.171
0
0
0
0
0
0
0
0
0
0
0
0
0
0
0
0
0
0
7.3082
11.283
13.166
115.13
155.84
144.63
0
0
0
0
0
0
0
0
0
0
0
0
0
0
0
0
0
152.21
177.17
37.903
51.726
96.731
215.66
262.71
78.221
0
0
0
0
0
0
0
0
0
0
0
0
0
0
0
0
36.419
150.26
142.33
100.34
134.56
187.2
104.67
0
0
0
0
0
0
0
0
0
0
0
0
0
0
0
0
0
62.692
123.68
108.59
80.449
72.612
79.711
46.306
0
0
0
0
0
0
0
0
0
0
0
0
0
0
0
0
0
45.21
55.701
88.487
83.141
107.34
127.97
148.55
109.33
0
0
0
0
0
0
0
0
0
0
0
0
0
0
0
0
140.05
155.61
101.78
102.02
153.66
217.82
216.25
101.23
0
0
0
0
0
0
0
0
0
0
0
0
0
0
0
31.87
115.19
145.29
123.02
106.31
156.59
222.57
220.2
105.1
0
0
0
0
0
0
0
0
0
0
0
0
0
0
0
52.013
143.02
184.15
142.07
110.13
63.798
167.12
167.59
27.332
0
0
0
0
0
0
0
0
0
0
0
0
0
0
0
23.31
72.559
128.31
106.21
102.02
150.38
239.83
245.58
132.83
0
0
0
0
0
0
0
0
0
0
0
0
0
0
0
76.574
181.16
193.4
94.026
104.19
103.82
198.85
234.14
3.6852
0
0
0
0
0
0
0
0
0
0
0
0
0
0
0
68.836
165.08
179.73
137
119.43
164.58
227.88
235.65
132.97
0
0
0
0
0
0
0
0
0
0
0
0
0
0
0
68.819
147.85
176.3
137.7
120.07
168.77
222.23
230.64
144.86
0
0
0
0
0
0
0
0
0
0
0
0
0
0
0
55.526
120.35
167.07
132.85
121.93
165.44
225.15
248.22
161.53
0
0
0
0
0
0
0
0
0
0
0
0
0
0
0
29.645
63.019
96.01
102.11
82.396
139.41
212.92
191.06
134.47
0
0
0
0
0
0
0
0
0
0
0
0
0
0
0
37.913
27.962
104.11
103.56
85.05
99.959
66.045
73.254
11.785
0
0
0
0
0
0
0
0
0
0
0
0
0
0
0
20.213
49.742
72.11
81.573
73.85
73.385
58.16
34.807
16.024
0
0
0
0
0
0
0
0
0
0
0
0
0
0
0
9.1527
20.104
33.108
40.978
35.338
53.44
46.825
35.526
17.81
0
0
0
0
0
0
0
0
0
0
0
0
0
0
0
138.02
207.67
205.8
110.3
81.988
72.946
8.8393
14.068
6.1332
0
0
0
0
0
0
0
0
0
0
0
0
0
0
0
106.14
180.53
183.52
122.8
90.821
158.63
255.06
294.18
242.74
0
0
0
0
0
0
0
0
0
0
0
0
0
0
0
151.79
211.55
215.62
136.18
95.344
151.16
166.15
128.38
95.801
0
0
0
0
0
0
0
0
0
0
0
0
0
0
0
109.46
189.76
150.19
125.47
109.11
183.29
224.1
240.1
181.18
0
0
0
0
0
0
0
0
0
0
0
0
0
0
0
0
11.592
20.563
15.134
16.986
157.79
225.67
311.25
284.55
0
0
0
0
0
0
0
0
0
0
0
0
0
0
5.3964
181.94
246.73
220.15
137.92
101.11
176.59
240
291.56
265.66
3.2437
0
0
0
0
0
0
0
0
0
0
0
0
0
0
0
176.85
186.83
98.967
100.92
132.39
50.652
18.18
62.757
8.5139
0
0
0
0
0
0
0
0
0
0
0
0
0
10.105
73.516
112.59
142.34
110.44
93.742
88.867
67.431
34.412
10.07
0
0
0
0
0
0
0
0
0
0
0
0
0
0
9.9749
0
168.37
230.42
108.47
85.612
74.822
39.415
42.189
98.145
9.2397
0
0
0
0
0
0
0
0
0
0
0
0
0
43.457
148.83
214.28
199.96
132.39
107.68
189.24
283.7
331.78
213.76
94.116
0
0
0
0
0
0
0
0
0
0
0
0
0
69.965
199.4
244.93
220.79
136.7
110.62
157.36
164.25
123.65
177.56
91.355
0
0
0
0
0
0
0
0
0
0
0
0
0
66.265
200.23
217.11
201.33
131.95
112.93
175.36
281.64
358.96
342.44
179.27
0
0
0
0
0
0
0
0
0
0
0
0
0
62.78
123.77
213.18
198.59
137.98
141.75
159.95
95.266
9.5112
153.1
107.12
0
0
0
0
0
0
0
0
0
0
0
0
0
73.701
202.93
279.88
253.09
143.02
108.38
156.86
72.036
40.023
44.081
12.778
0
0
0
0
0
0
0
0
0
0
0
0
0
89.975
211.4
248.95
217.55
144.86
111.19
190.55
278.85
305.61
302.76
154.32
0
0
0
0
0
0
0
0
0
0
0
0
0
78.597
152.45
194.71
139.89
111.94
113.8
160.37
172.39
246.95
247.9
183.92
0
0
0
0
0
0
0
0
0
0
0
0
0
120.3
235.82
268.06
230.11
148.87
118.48
200.78
301.46
363.64
356.33
228.37
0
0
0
0
0
0
0
0
0
0
0
0
0
124.89
231.57
261.54
225.12
147.89
118.66
200.88
301.25
346.86
347.26
212.8
0
0
0
0
0
0
0
0
0
0
0
0
0
149.88
260.27
284.96
236.7
152.7
125.72
203.73
305.51
376.37
385.43
260.47
0
0
0
0
0
0
0
0
0
0
0
0
0
116.6
234.33
265.41
224.63
147.04
122.27
194.19
301.81
314.17
352.58
256.08
0
0
0
0
0
0
0
0
0
0
0
0
0
24.92
55.572
89.261
102.91
108.1
108.92
107.65
95.145
68.052
43.891
15.722
0
0
0
0
0
0
0
0
0
0
0
0
0
150.64
250.74
269.68
237.88
156.97
126.02
206.82
304.19
364.95
359.23
256.35
0
0
0
0
0
0
0
0
0
0
0
0
0
142.58
240.88
276.63
231.56
153.14
127.15
214.05
314.04
373.65
359.69
248.3
0
0
0
0
0
0
0
0
0
0
0
0
0
161.98
263.18
278.89
236.07
164.63
136.22
218.09
313.81
389.64
387.69
296.23
0
0
0
0
0
0
0
0
0
0
0
0
25.182
125.51
234.49
249.67
227.47
153.07
137.96
218.83
286.74
332.04
294.14
232.49
0
0
0
0
0
0
0
0
0
0
0
0
31.815
30.51
122.67
129.73
87.881
115.32
128.21
100.72
125.93
291.22
411.02
249.29
5.9273
0
0
0
0
0
0
0
0
0
0
0
29.92
171.55
247.17
245.51
207.5
149.83
139.44
202.19
248.39
271.67
307.23
274.02
7.9794
0
0
0
0
0
0
0
0
0
0
0
47.294
174.39
263.91
255.16
204.82
116.67
85.1
176.03
287.06
352.66
337.31
242.41
0
0
0
0
0
0
0
0
0
0
0
0
14.346
38.841
81.261
53.605
85.947
80.077
107.27
98.846
112.17
11.598
16.476
13.675
5.1369
0
0
0
0
0
0
0
0
0
0
0
12.092
15.665
92.224
153.12
44.047
116.07
124.02
19.113
144.16
324.73
349.63
134.94
103.09
0
0
0
0
0
0
0
0
0
0
0
62.822
179.86
250.11
252.99
200.05
116.53
86.354
179.16
285.08
367.92
392.56
352.9
163.69
0
0
0
0
0
0
0
0
0
0
0
85.795
157.77
95.315
274.25
207.83
123.29
111.93
15.857
121.07
208.57
223.36
68.988
64.66
0
0
0
0
0
0
0
0
0
0
0
79.152
192.98
251.42
247.32
202.66
114.89
84.755
182.63
293.11
346.65
356.28
297.15
120.33
0
0
0
0
0
0
0
0
0
0
0
88.937
204.5
270.66
259.31
205.36
115.26
84.439
190.79
305.74
379.54
412.71
379.2
186.54
0
0
0
0
0
0
0
0
0
0
0
37.062
81.384
125.15
170.67
140.9
126.88
109.7
152.71
150.59
165.74
109.9
105.49
40.615
0
0
0
0
0
0
0
0
0
0
0
112.72
229.08
282.9
267.86
208.9
116.43
86.982
194.92
311.04
394.07
426.65
394.35
211.58
0
0
0
0
0
0
0
0
0
0
0
94.989
184.6
248.43
245.01
199.67
118.3
89.939
185.01
284.89
378.22
410.61
379.39
224.86
0
0
0
0
0
0
0
0
0
0
0
93.868
167.75
217.04
175.31
161.65
134.54
120.24
145.18
188.85
185.49
178.94
149.91
123.93
0
0
0
0
0
0
0
0
0
0
0
90.934
111.32
157.69
190.42
163.08
127.43
119.33
167.95
277.04
338.86
353.12
378.28
275.45
0
0
0
0
0
0
0
0
0
0
0
112.69
235.27
268.18
253.83
200.08
125.5
103.03
187.98
271.53
331
344
292.87
137.64
0
0
0
0
0
0
0
0
0
0
0
120.26
232.87
277.38
270.17
208.92
117.74
92.384
194.21
296.82
376.61
406.81
372.45
218.91
0
0
0
0
0
0
0
0
0
0
0
135.76
247.12
289.51
270.16
212.81
119.79
94.398
207.09
326.34
409.68
449.4
423.42
270.93
0
0
0
0
0
0
0
0
0
0
18.002
119.55
196.26
259.48
253.59
206.44
122.84
99.543
192.48
291.48
369.99
405.86
391.33
225.28
0
0
0
0
0
0
0
0
0
0
7.8855
40.384
112.08
83.421
89.243
94.772
110.85
92.788
128.33
111.52
170.97
86.392
47.725
23.315
0
0
0
0
0
0
0
0
0
0
13.708
64.929
160.03
113.74
159.14
142.21
127.07
112.45
124.01
70.237
105.16
47.637
34.546
0
0
0
0
0
0
0
0
0
0
0
0
34.185
167.18
62
75.93
120.74
117.71
93.155
34.945
60.399
80.574
76.384
121.79
127.74
0
0
0
0
0
0
0
0
0
0
38.072
161.25
270.4
292.92
271.87
212.12
121.52
100.46
206.46
311.76
384.61
409.77
381.29
271.57
0
0
0
0
0
0
0
0
0
0
39.453
152.03
257.22
276.02
266.06
209.86
125.55
105.94
203.93
309.29
369.53
385.54
334.73
253.37
0
0
0
0
0
0
0
0
0
0
22.968
104.08
223.37
238.37
234.55
188.25
132.65
109.25
199.94
285.92
317.07
335.82
271.3
154.86
0
0
0
0
0
0
0
0
0
0
0
10.953
27.541
57.236
59.509
55.009
71.84
75.782
87.269
64.286
44.227
25.105
9.9866
12.298
0
0
0
0
0
0
0
0
0
0
58.667
153.41
309.4
311.78
299.98
164.99
138.39
142.55
109.15
48.166
39.026
11.012
6.1261
0
0
0
0
0
0
0
0
0
0
0
18.101
36.786
67.103
67.414
80.744
72.977
105
88.835
97.084
69.913
33.107
20.54
25.819
26.236
8.4973
0
0
0
0
0
0
0
0
0
0
87.201
69.358
83.469
209.4
267.74
106.14
132.36
192.61
248.48
136.68
132.24
115.3
0
0
0
0
0
0
0
0
0
0
0
57.553
168.64
269.46
286.16
262.98
210.38
128.42
111.26
206.26
305.33
375.02
431.79
403.32
307.72
120.27
0
0
0
0
0
0
0
0
0
58.98
157.94
244.39
265.27
252.01
206.39
133.72
117.65
202.18
277.94
319.88
337.77
299.03
227.26
94.641
0
0
0
0
0
0
0
0
0
67.182
171.92
266.81
287.78
270.65
214.76
126.37
109.34
208.29
302.73
364
383.68
347.63
255.19
115.26
0
0
0
0
0
0
0
0
0
21.536
49.502
105.21
132.66
145.52
154.06
131.78
132.05
145.09
145.14
119.09
104.15
103.44
75.086
13.345
0
0
0
0
0
0
0
0
0
16.437
41.419
71.657
86.769
104.79
108.4
115.45
112.18
115.76
116.9
100.16
82.328
55.272
27.661
6.6531
0
0
0
0
0
0
0
0
0
53.757
40.625
36.074
62.277
33.525
19.554
90.71
131.55
164.66
180.62
218.93
196.53
215.03
228.02
14.53
0
0
0
0
0
0
0
0
0
11.202
26.604
54.968
88.734
87.36
73.207
103.53
96.248
77.617
64.265
79.877
60.184
45.732
43.796
12.037
0
0
0
0
0
0
0
0
0
8.0567
19.778
17.921
40.56
73.157
86.596
109.75
108.87
105.45
74.579
66.231
42.524
26.623
19.611
43.422
0
0
0
0
0
0
0
0
14.74
116.43
250.72
318.73
323.98
287.45
219.94
125.59
109.29
220.35
332.56
407.37
441.99
428.02
349.69
187.66
0
0
0
0
0
0
0
0
16.163
121.27
245.42
303.8
315.43
271.82
213.84
126.89
116.42
207.78
292.89
297.6
288.65
289.66
213.45
98.283
0
0
0
0
0
0
0
0
0
25.079
31.704
9.9791
14.771
19.025
77.44
136.91
140.79
204.9
313.71
395.08
468.66
244.04
347.24
231.01
0
0
0
0
0
0
0
0
0
37.616
54.129
166.87
231.14
201.89
212.01
145.64
141.18
224.33
273.61
286.83
89.503
51.481
80.311
0
0
0
0
0
0
0
0
0
0
19.731
79.348
81.478
185.53
189.06
199.15
148.96
128.97
218.74
330.41
310.25
441
472.54
405.84
258.08
0
0
0
0
0
0
0
0
0
0
8.0936
42.074
57.249
78.249
97.613
104.19
109.53
115.61
98.052
94.074
92.202
82.727
36.516
35.829
0
0
0
0
0
0
0
0
23.977
39.936
23.562
10.823
15.707
20.023
23.3
96.545
135.09
170.49
314.15
443.17
483.18
396.13
179.85
188.75
0
0
0
0
0
0
0
0
0
18.645
36.955
45.477
74.975
106.82
105
115.89
119.45
103.24
78.378
62.246
47.675
28.455
18.131
5.1716
0
0
0
0
0
0
0
0
23.236
60.949
45.024
55.289
238.68
122.96
117.17
61.095
26.09
111.79
229.27
131.22
198.53
100.71
41.128
11.08
0
0
0
0
0
0
0
0
28.3
33.719
31.632
14.287
67.502
19.526
53.451
124.96
134.7
155.2
289.01
296.89
215.36
63.08
123.82
215.63
93.773
0
0
0
0
0
0
0
8.399
15.387
33.52
62.624
89.832
119.53
93.407
116.47
123.87
96.027
119.21
108.04
105.7
57.51
25.985
0
0
0
0
0
0
0
0
0
34.956
48.379
184.08
187.48
219.2
193.21
209.68
144.15
143.32
197.89
234.84
232.46
321.48
190.76
92.174
96.84
44.719
0
0
0
0
0
0
0
17.567
89.623
199.83
218.92
162.1
124.81
152.24
140.38
133.28
150
211.99
297.14
282.13
257.83
269.18
200.15
92.731
0
0
0
0
0
0
0
25.555
68.998
145.28
153.28
172.2
144.66
117.74
129.96
99.74
84.465
59.089
56.264
36.165
17.158
5.5683
0
0
0
0
0
0
0
0
0
52.043
149.16
246.93
297.51
301.8
273.54
218.51
140.22
129.2
212.81
295.55
351.4
373.49
352.83
299.02
208.85
80.312
0
0
0
0
0
0
0
45.355
115.22
224.25
266.86
270.44
230.8
196.4
149.58
140.48
195.97
247.97
270
231.02
243.76
162.01
138.26
66.386
0
0
0
0
0
0
0
31.611
57.674
103.32
68.977
111.84
98.188
106.43
128.44
130.57
156.13
207.29
216.83
243.47
326.95
347.26
313.63
123.09
0
0
0
0
0
0
0
66.128
177.56
293.08
327.98
323.44
285.82
220.12
130.48
115.19
222.12
330.72
406.28
443.38
436.71
377.84
273.62
111.16
0
0
0
0
0
0
0
61.585
162.25
272.35
309.45
307.87
276.96
216.83
131.27
116.93
215.28
321.39
398.7
442.05
442.52
391.45
296.95
144.15
0
0
0
0
0
0
0
75.282
194.34
305.53
336.34
327.36
285.74
220.54
131.7
116.15
223.38
332.75
410.02
450.85
453.12
410.38
311.19
146.53
0
0
0
0
0
0
9.6629
82.12
205.47
319.55
349.1
340.7
297.8
229.76
135.69
118.61
225.86
337.24
414.79
453.19
447.83
399.44
299.13
125.63
0
0
0
0
0
0
9.8241
83.444
206.25
315.43
344.14
335.46
293.41
226.19
134.24
117.78
226.92
340.75
422.04
466.35
465.52
418.45
323.34
155.01
0
0
0
0
0
0
9.7937
81.929
202.91
307.7
337.72
329.92
288.76
222.55
132.79
116.36
224.55
336.52
419.79
469.76
473.57
437.53
346.85
183.92
0
0
0
0
0
0
9.7175
71.878
180.35
282.62
309.51
308.16
275.34
216.42
133.7
118.53
212.68
312.91
386.67
417.3
418.03
371.06
284.1
139.03
0
0
0
0
0
0
10.751
73.224
141.01
261.59
198.31
216.45
225.89
220.19
144.55
127.21
220.18
252.07
324.6
172.19
96.821
53.953
24.644
12.294
0
0
0
0
0
0
9.8703
18.217
62.627
85.619
156.56
262.86
231.27
205.86
157.54
146.19
167.77
242.51
291.55
232.95
77.19
48.979
96.568
7.8851
0
0
0
0
0
0
11.472
90.027
226.97
318.65
365.83
320.75
280.18
237.92
143.44
144.95
144.12
119.23
163.58
155.68
59.497
85.515
18.111
4.0014
0
0
0
0
0
0
0
0
14.725
105.78
85.093
61.251
128.8
42.382
114.69
150.68
202.09
342.21
271.27
339.55
320.34
375.39
295.63
157.5
0
0
0
0
0
0
12.503
76.115
188.59
285.15
331
324.75
287.43
251.09
149.61
150.43
167.99
182.6
173.51
149.63
124.42
76.572
67.801
50.746
0
0
0
0
0
0
13.485
91.913
224.53
329.29
350.71
342.39
302.01
257.38
147.78
149.52
162.5
144.06
127.27
109.17
66.849
46.025
23.116
12.199
0
0
0
0
0
0
13.913
105.22
238.6
348.87
359.42
337.33
288.97
289.18
122.72
141.41
169.18
162.4
120.43
114.04
94.423
57.669
25.373
13.253
0
0
0
0
0
0
0
0
21.922
30.287
52.908
70.297
80.017
86.3
94.727
77.518
78.526
102.01
107.63
84.142
91.785
66.563
21.531
5.3979
0
0
0
0
0
0
0
13.228
29.242
46.98
67.277
81.826
96.492
103.3
108.87
107.92
109.73
103.48
98.198
88.876
66.596
47.616
25.194
8.4365
0
0
0
0
0
0
0
6.867
25.882
16.382
43.502
43.056
110.75
152.39
153.64
151.76
173.04
181.28
230.59
335.27
262.74
330.52
320.8
179.46
59.35
0
0
0
0
0
13.583
71.553
178.28
292.49
324.86
310.51
272.38
220.58
157.34
142.87
213.27
277.05
313.62
359.48
349.2
300.65
252.75
100.04
14.324
0
0
0
0
0
14.44
37.494
196.44
275.05
359.31
305.09
276.78
219.01
155.25
129.17
95.231
89.385
69.018
64.172
22.118
7.0356
3.2231
0
0
0
0
0
0
0
15.312
109.11
210.09
267.78
281.69
241.11
229.74
124.78
118.8
109.5
184.74
161.5
177.38
178.34
103.27
31.068
18.626
0
0
0
0
0
0
0
17.285
87.175
205.2
297.33
331.13
319.53
284.44
223.71
140.5
119.4
213.99
313.86
385.06
420.24
412.61
361.42
278.5
176.26
57.147
0
0
0
0
0
18.067
89.361
207.21
296.2
326.01
318.13
282.64
224.52
142.9
118.32
213.24
309.63
378.99
411.64
410.02
352.76
251.11
151.54
51.218
0
0
0
0
0
18.901
96.888
214.67
300.32
329.35
319.74
283.63
222.12
140.61
117.69
214.02
317.34
391.45
436.23
439.36
400.92
317.43
200.18
62.082
0
0
0
0
0
20.141
115.33
256.23
351.35
395.72
361.99
292.45
254.6
155.64
151.77
181.91
199.98
222.34
228.34
215.63
183.23
117.39
65.346
22.781
0
0
0
0
0
9.6661
18.866
43.514
85.786
150.81
156.12
162.47
159.97
148.39
139.55
156.38
141.36
156.88
154.32
104.78
59.561
20.34
3.8721
0
0
0
0
0
0
9.2048
30.44
30.148
14.553
15.166
56.822
65.802
56.692
113.38
84.787
144.33
236.72
246.64
123.31
65.694
50.273
21.838
34.9
7.0089
0
0
0
0
0
21.678
101.89
240.54
308.17
312.05
289.29
276.46
220.28
160.3
148
202.04
270.39
318.08
273.64
215.81
130.18
86.341
34.558
7.945
0
0
0
0
0
11.906
47.763
111.26
131.07
168.2
170.42
142.81
174.8
149.71
140.54
201.82
227.28
282.97
380.56
380.14
320.75
276.91
185.97
71.01
0
0
0
0
0
6.072
9.4766
36.01
42.064
84.248
85.212
64.837
91.076
72.133
93.405
126.76
137.71
89.31
119.8
63.832
59.518
34.698
10.623
12.391
0
0
0
0
0
0
12.37
27.497
41.869
54.8
69.652
80.59
90.117
89.276
94.945
90.662
90.444
87.249
73.849
56.405
40.3
24.758
9.1859
0
0
0
0
0
0
0
16.252
39.165
72.893
108.24
117.04
117.43
132.94
127.92
119.94
137.35
103.65
99.256
47.038
25.074
7.2557
3.6482
0
0
0
0
0
0
0
18.439
88.438
202.64
293.83
331.43
321.68
283.82
223.29
143.23
113.38
206.52
304.34
372.01
393.05
386.07
326.04
236.83
133.78
44.27
0
0
0
0
0
17.98
84.758
193.13
286.13
320.46
314.55
284.36
225.09
144.69
117.34
207.08
305.52
374.67
408.99
395.42
354.7
252.92
154.99
60.101
0
0
0
0
0
16.581
77.552
167.93
252.24
278.6
288.26
277.93
226.66
152.38
123.24
207.34
306.4
369.79
415.67
405.15
371.57
319.01
209.17
73.669
0
0
0
0
0
12.429
24.011
73.65
39.724
65.851
99.975
45.552
32.634
114.14
101.98
120.88
107.39
136.8
126.12
69.731
122.94
43.303
23.619
33.806
0
0
0
0
0
6.9146
15.472
37.918
40.326
45.802
75.438
102.08
111.92
102.36
99.715
89.525
71.812
74.883
50.579
43.754
40.71
11.166
5.2795
0
0
0
0
0
0
0
0
0
8.0279
12.549
30.895
210.28
132.09
166.21
145.39
195.54
347.22
111.13
262.98
89.617
213.98
131.81
0
0
0
0
0
0
0
18.103
100.77
226.57
319.32
349.61
339.66
301.51
235.89
148.14
116.02
216.06
327.7
408.88
456.12
458.6
418.48
328.66
209.27
74.051
0
0
0
0
0
15.848
82.047
177.43
276.91
320.72
320.18
287.73
229.85
150.6
121.07
205.77
298.27
364.04
382.95
383.11
336.57
284.39
183.62
63.41
0
0
0
0
0
15.547
82.92
186.58
284.04
319.62
318.57
287.51
228.82
146.74
116.83
205.87
309.86
379.76
412.07
403.5
354.33
260.18
160.55
62.959
0
0
0
0
0
10.735
35.327
96.677
129.31
193.25
246.58
258.01
210.09
164.5
143.88
194.73
246.63
238.47
397.05
459.12
410.54
339.01
223.41
77.266
0
0
0
0
0
17.102
54.366
30.276
19.545
33.15
84.761
313.76
263.77
151.78
123.88
214.35
199.87
60.872
202.03
437.54
253.23
161.2
185.77
82.311
0
0
0
0
0
5.5028
11.356
37.37
66.225
94.233
138.01
166.33
147.64
143.74
120.31
127.39
116.73
125.62
85.71
78.359
51.327
13.169
0
0
0
0
0
0
0
14.308
84.729
218.58
330.41
316.14
345.99
291.04
269.95
98.939
72.092
121.26
112.67
161.67
115.92
100.49
100.38
219.41
177.5
82.272
0
0
0
0
0
7.3498
27.496
82.613
76.765
97.638
131.77
154.64
150.67
146.64
133.37
151.8
122.83
116.85
91.508
82.655
63.146
12.075
3.451
0
0
0
0
0
0
7.4626
29.319
52.394
122.89
108.17
138.23
216.42
188.14
157.76
148.72
180.83
199.55
185.63
190.62
106.43
75.63
44.576
58.868
8.1768
0
0
0
0
0
5.6517
37.855
84.867
159.12
163.3
213.51
179.12
171.36
166.08
144.53
171.79
217.89
231.06
236.03
296.96
360.27
311.52
202.14
82.742
0
0
0
0
0
12.743
95.46
219.62
333
358.97
352.13
312.27
245.78
155.66
117.84
218.27
334.77
418.29
466.32
473.58
434.43
349.59
213.33
55.762
0
0
0
0
0
0
0
6.0397
10.578
16.245
21.695
28.908
31.99
32.747
33.997
35.735
32.976
27.764
23.073
17.593
12.166
5.8589
0
0
0
0
0
0
0
0
12.679
19.229
34.91
51.284
57.479
94.128
95.239
107.49
87.186
87.894
100.61
75.253
44.998
33.222
16.621
15.24
2.713
0
0
0
0
0
0
10.167
73.984
190.98
299.36
349.42
346.89
310.36
256.37
153.45
141.02
151.42
171.32
173.27
155.21
108.29
113.6
68.734
22.995
0
0
0
0
0
0
0
15.049
34.028
42.854
47.698
83.065
79.895
112.87
112.93
90.737
112.35
90.372
87.116
63.766
60.393
58.996
25.602
7.6919
0
0
0
0
0
0
8.4653
66.241
170.38
282.45
309.35
285.29
279.06
225.96
152.84
119.13
195.51
266.4
339.78
345.96
348.48
346.13
279.24
162.19
0
0
0
0
0
0
7.1216
33.44
87.478
191.75
231.06
245.81
262.23
223.02
157.9
124.76
201.24
277.21
317.77
367.41
402.3
350.58
328.55
203.61
0
0
0
0
0
0
8.3773
51.487
130.99
226.55
265.18
275.45
260.97
222.9
161.25
130.43
198.33
290.95
382.11
394.21
421.66
350.8
298.72
161.71
0
0
0
0
0
0
5.1392
19.192
40.954
59.215
98.111
129.07
157.22
159.69
148.22
139.99
145.06
159.95
149.42
116.08
99.015
46.674
19.9
4.2908
0
0
0
0
0
0
7.895
66.341
160.99
27.264
13.006
168.64
125.6
185.68
143.95
70.814
27.774
76.302
316.27
462.75
468.46
441.42
344.65
188.67
8.2121
0
0
0
0
0
0
58.368
162.21
282.01
318.36
318.09
284.92
226.98
144.81
106.68
201.9
313.41
399.01
446.9
455.52
417.21
335.47
184.73
0
0
0
0
0
0
0
40.618
78.674
115.09
193.71
210.55
171.82
212.26
159.79
137.25
179.83
248.54
213.28
150.19
165.97
146.25
42.519
7.2073
0
0
0
0
0
0
0
45.262
116.9
212.37
257.12
277.27
258.75
225.21
156.26
129.86
190.54
282.99
320.38
370.44
321.08
176.41
103.09
14.622
0
0
0
0
0
0
0
43.541
117.42
207.04
248.22
269.61
255.44
219.85
153.89
121.84
189.1
266.31
313.41
332.41
371.57
313.89
253.93
119.52
0
0
0
0
0
0
0
38.093
115.44
213.32
249.77
272.35
259.39
218.61
152.59
117.18
191.61
268.23
307.59
326.2
339.95
349.64
249.47
120.97
0
0
0
0
0
0
0
42.04
128.79
218.94
258.42
279.2
269.74
223.82
153.93
111.63
192.07
281.08
343.48
395.34
394.43
379.76
308.23
145.55
0
0
0
0
0
0
0
36.78
114.04
206.63
276.85
278.91
275.3
222.69
155.94
124.5
189.25
270.77
331.23
387.48
401.68
325.17
270.4
121.66
0
0
0
0
0
0
0
11.839
24.377
62.179
94.813
119.14
151.16
150.71
143.19
131.3
144.67
135.2
152.54
143.03
128.95
77.083
39.555
9.3399
0
0
0
0
0
0
0
10.736
25.463
60.201
123.1
141.24
149.08
144.52
135.77
124.41
134.14
134.83
122.94
110.01
78.732
47.434
29.884
9.2806
0
0
0
0
0
0
0
8.7403
28.538
61.036
93.091
121.47
150.58
154.22
135.32
124.26
133.79
140.63
147.75
112.8
78.247
51.779
23.739
6.5637
0
0
0
0
0
0
0
10.183
34.044
65.14
118.08
141.29
157.08
156.82
136.62
124.74
123.4
117.71
107.04
102.24
89.95
48.146
22.627
5.2234
0
0
0
0
0
0
0
21.789
77.118
158.2
215.33
238.59
229.8
202.38
156.22
132.48
179.52
232.81
264.4
273.55
251.92
159.63
96.818
47.592
0
0
0
0
0
0
0
5.8351
21.541
42.611
68.16
86.536
101.36
107.75
115.56
116.37
118.83
119.63
116.45
104.13
85.863
56.728
27.259
8.2433
0
0
0
0
0
0
0
22.976
111.8
232.61
295.34
306.76
276.76
223.63
144.73
105.91
192.74
293.23
356.08
393.53
387.03
332.19
249.15
79.288
0
0
0
0
0
0
0
23.808
123.67
257.7
321.51
330.79
295.88
234.59
145.7
104.86
207.06
325.33
413.28
464.67
468.64
419.57
316.91
118.72
0
0
0
0
0
0
0
8.0114
39.541
33.371
42.328
76.976
40.331
142.46
152.6
140.06
178.55
338.26
343.75
335.9
372.57
393.53
291.69
98.697
0
0
0
0
0
0
0
18.705
115.92
244.9
312.58
322.18
288.52
228.77
142.32
103.19
198.3
304.31
383.73
425.92
416.31
369.87
267.09
85.303
0
0
0
0
0
0
0
0
18.086
34.416
51.77
70.11
87.715
93.605
109.88
95.502
88.794
94.104
82.433
54.635
33.149
21.41
5.6125
0
0
0
0
0
0
0
0
6.2182
47.529
171.97
274.5
325.81
230.73
233.29
146.98
90.528
114.85
101.54
160.15
90.811
394.42
426.59
296.25
0
0
0
0
0
0
0
0
6.5832
33.211
89.365
144.18
156.75
156.9
161.99
146.52
131.82
141.91
206.23
157.43
130.85
67.697
30.83
12.672
0
0
0
0
0
0
0
0
0
17.652
50.373
81.882
100.08
114.34
122.02
122.11
123.48
131.66
136.21
117.82
100.32
59.026
32.92
9.7217
0
0
0
0
0
0
0
0
0
18.924
32.528
42.821
75.228
93.131
95.896
119.88
116.53
127.7
121.3
90.552
66.485
41.842
22.902
6.61
0
0
0
0
0
0
0
0
0
12.776
70.115
87.341
146.49
150.52
147.16
150.62
130.8
190.08
333.18
401.35
456.45
402.54
264.92
176.7
0
0
0
0
0
0
0
0
0
0
19.075
34.439
43.406
54.008
58.188
53.243
56.242
58.382
59.652
61.514
51.115
36.738
20.587
8.6414
0
0
0
0
0
0
0
0
0
0
14.585
19.496
30.593
38.844
43.795
47.201
58.369
61.805
53.436
54.256
40.122
25.169
11.516
3.9008
0
0
0
0
0
0
0
0
0
0
13.446
20.713
26.951
36.999
43.484
55.139
54.004
54.243
52.581
45.35
33
16.785
7.9165
0
0
0
0
0
0
0
0
0
0
10.703
16.135
49.985
72.856
99.8
117.04
124.65
93.071
92.604
115.57
125.03
89.572
58.368
42.843
34.68
0
0
0
0
0
0
0
0
0
47.365
102.97
161.05
174.52
214.5
209.83
144.57
120.18
90.929
17.382
14.231
20.424
6.255
38.157
14.118
0
0
0
0
0
0
0
0
0
51.009
167.06
286.79
281.22
249.19
202.66
146.73
131.14
180.22
246.39
290.27
314.06
238.24
139.46
100.86
0
0
0
0
0
0
0
0
0
50.722
106.38
186.83
224.61
243.59
210.42
139.29
106.08
188.36
278.83
329.94
363.16
390.73
258.51
139.02
0
0
0
0
0
0
0
0
0
46.993
150.83
248.74
255.43
242.93
208.08
135.96
103.74
183.29
268.24
304.88
297.95
268.65
205.28
85.495
0
0
0
0
0
0
0
0
0
36.014
89.607
176.57
208.98
227.47
183.94
145.06
120.39
164.33
206.2
195.85
199.48
168.76
113.91
41.788
0
0
0
0
0
0
0
0
0
16.059
34.582
97.932
144.13
143.8
152.56
132.21
116.82
141.61
155.86
200.31
274.48
227.92
223.03
121.65
0
0
0
0
0
0
0
0
0
16.969
69.265
104.01
122.89
109.78
118.25
98.184
115.4
123.77
92.618
76.917
32.748
26.733
13.959
0
0
0
0
0
0
0
0
0
0
24.589
149.3
173.32
140.94
149.12
194.01
136.76
121.9
149.67
138.39
103.02
51.849
35.92
0
0
0
0
0
0
0
0
0
0
0
17.597
51.227
105.85
166.34
145.16
175.55
135.7
119.04
172.67
247.31
311.65
331.63
311.74
247.96
98.904
0
0
0
0
0
0
0
0
0
31.484
152.11
240.5
267.22
263.5
210.36
127.48
100.9
187.61
284.31
359.51
400.75
338.45
223.38
0
0
0
0
0
0
0
0
0
0
22.654
107.24
196.1
231.86
233.98
196.28
134.49
114.1
174.37
236.81
272.71
286.1
233.19
163.15
0
0
0
0
0
0
0
0
0
0
26.043
148.36
246.76
285.4
265.44
209.93
121.15
90.815
191.78
305.27
383.33
421.85
394.12
292.13
0
0
0
0
0
0
0
0
0
0
0
0
31.339
32.4
51.047
35.812
35.432
41.676
167.05
198.33
144.47
78.027
60.937
18.654
0
0
0
0
0
0
0
0
0
0
0
0
5.8844
10.809
15.271
18.856
79.713
134.54
229.13
231.09
204.34
363.13
97.094
218.92
45.266
0
0
0
0
0
0
0
0
0
17.531
134.72
240.26
282.84
262.03
206.89
118.51
90.153
189.69
293.68
357.22
377.78
342.17
217.04
0
0
0
0
0
0
0
0
0
0
0
0
31.848
255.78
292.57
93.404
119.25
113.09
166.57
132.83
205.84
121.64
19.102
21.532
0
0
0
0
0
0
0
0
0
0
0
120.46
208.15
231.3
230.87
207.63
119.98
95.812
178.63
258.06
327.77
284.9
305.55
179.76
0
0
0
0
0
0
0
0
0
0
0
106.53
221.16
278.72
259.46
203.17
117.59
90.37
183.52
279.19
319.84
286.85
240.97
144.58
0
0
0
0
0
0
0
0
0
0
0
32.888
52.178
82.523
94.424
97.983
94.319
103.26
105.83
86.339
79.869
71.361
43.441
13.948
0
0
0
0
0
0
0
0
0
0
0
85.45
174.6
225.27
215.94
183.39
120.51
108.49
161.79
211.55
227.56
179.45
139.06
47.266
0
0
0
0
0
0
0
0
0
0
0
118.19
233.26
284.67
264.24
204.37
110.4
86.363
194.84
307.5
385.25
409.17
374.11
192.4
0
0
0
0
0
0
0
0
0
0
0
93.261
187.57
245.18
239.99
193.3
116.19
91.811
178.61
269.39
322.97
306.29
276.7
134.21
0
0
0
0
0
0
0
0
0
0
0
85.12
166.7
272.5
260.62
201.68
120.66
104.31
171.79
243.8
164.57
106.9
233.45
118.57
0
0
0
0
0
0
0
0
0
0
0
0
0
8.3975
13.058
22.731
35.174
35.153
166.96
229.08
262.19
258.11
214.94
97.895
0
0
0
0
0
0
0
0
0
0
0
5.8477
16.981
29.83
40.925
51.925
57.993
61.71
50.769
54.531
45.404
37.725
18.22
6.5782
0
0
0
0
0
0
0
0
0
0
0
41.483
24.717
57.405
67.753
78.578
41.061
67.932
72.02
120.84
117.26
102.47
28.499
36.005
0
0
0
0
0
0
0
0
0
0
0
21.728
87.142
153.85
157.84
103.18
103.1
86.413
97.2
120.14
69.435
20.838
4.9294
0
0
0
0
0
0
0
0
0
0
0
0
9.3233
0
79.252
52.272
86.715
101.09
98.652
128.72
81.484
119.05
133.18
97.286
0
0
0
0
0
0
0
0
0
0
0
0
49.429
94.376
100.83
90.409
85.991
110.16
111.58
160.79
262.81
333.52
411.17
382.84
6.719
0
0
0
0
0
0
0
0
0
0
0
22.03
36.452
31.918
58.378
85.685
73.318
80.942
52.819
50.536
51.009
41.398
33.272
0
0
0
0
0
0
0
0
0
0
0
0
31.468
91.941
134.07
127.48
139.18
109.85
97.698
109.08
92.432
85.568
53.471
21.865
0
0
0
0
0
0
0
0
0
0
0
0
0
7.5281
31.86
37.547
34.512
19.402
28.998
175.63
269.6
348.31
369.52
279.92
0
0
0
0
0
0
0
0
0
0
0
0
0
0
7.3566
11.81
15.393
25.56
30.887
157.07
165.85
154.86
123.82
71.319
0
0
0
0
0
0
0
0
0
0
0
0
44.606
182.02
249.46
246.69
190.57
93.634
82.312
194.47
305.84
373.89
386.92
276.14
0
0
0
0
0
0
0
0
0
0
0
0
20.591
50.687
113.13
92.522
157.42
106.78
103.55
173.37
236.25
192.71
127.08
79.127
0
0
0
0
0
0
0
0
0
0
0
0
0
23.112
44.053
56.178
66.878
68.515
68.626
69.378
59.778
42.525
28.611
10.579
0
0
0
0
0
0
0
0
0
0
0
0
11.978
48.794
91.245
105.75
118.07
99.329
94.725
102.7
118.74
116
109.49
29.031
0
0
0
0
0
0
0
0
0
0
0
0
0
143.33
203.77
226.78
174.54
94.238
90.258
163.45
265.17
305.88
289.87
160.43
0
0
0
0
0
0
0
0
0
0
0
0
0
116.26
179.95
191.4
156.61
92.977
94.074
149.51
194.69
202.63
199.56
103.58
0
0
0
0
0
0
0
0
0
0
0
0
0
15.607
51.244
55.207
105.78
80.67
89.834
96.434
148.54
146.3
218.94
172.39
0
0
0
0
0
0
0
0
0
0
0
0
0
35.793
33.303
37.572
74.333
96.691
94.012
173.57
223.86
300.74
260.08
162.93
0
0
0
0
0
0
0
0
0
0
0
0
0
55.667
47.734
102.81
139.14
96.318
95.292
122.89
191.39
341.16
376.93
195.14
0
0
0
0
0
0
0
0
0
0
0
0
0
147.68
228.22
233.39
178.16
81.525
79.005
191.63
303.56
361.95
361.69
172.79
0
0
0
0
0
0
0
0
0
0
0
0
0
0
0
9.3382
12.85
15.298
18.557
147.6
202.63
223.76
216.79
84.317
0
0
0
0
0
0
0
0
0
0
0
0
0
101.3
207.77
214.34
171.17
84.59
80.517
172.52
238.21
284.65
269.74
3.8843
0
0
0
0
0
0
0
0
0
0
0
0
0
91.602
164.64
197.6
149.39
83.883
83.976
157.27
225.55
339.02
313.08
6.9072
0
0
0
0
0
0
0
0
0
0
0
0
0
7.3305
27.1
61.344
70.979
62.431
71.475
126.14
96.654
112
44.111
0
0
0
0
0
0
0
0
0
0
0
0
0
0
0
17.055
32.241
140.89
83.61
87.458
115.43
169.46
129.12
103.63
0
0
0
0
0
0
0
0
0
0
0
0
0
0
102.91
152.99
180.39
125.58
83.931
89.305
110.48
126.3
83.978
31.306
0
0
0
0
0
0
0
0
0
0
0
0
0
0
70.726
148.55
210.76
162.47
78.809
76.151
170.27
250.45
335.4
314.56
0
0
0
0
0
0
0
0
0
0
0
0
0
0
53.937
94.677
117.45
119.94
84.624
85.32
144.2
237.25
266.59
225.78
0
0
0
0
0
0
0
0
0
0
0
0
0
0
80.762
161.79
216.65
143.97
78.908
88.255
172.93
202.93
235.53
120.79
0
0
0
0
0
0
0
0
0
0
0
0
0
0
0
19.655
30.485
42.127
43.322
45.056
29.887
26.413
18.533
7.5017
0
0
0
0
0
0
0
0
0
0
0
0
0
0
16.998
59.58
96.461
100
73.804
70.9
77.849
65.988
43.201
15.058
0
0
0
0
0
0
0
0
0
0
0
0
0
0
73.943
208.12
232.36
179.46
74.328
80.851
196.5
295.78
335.23
238.87
0
0
0
0
0
0
0
0
0
0
0
0
0
0
36.232
124.21
146.13
121.71
69.064
74.116
138.36
151.16
151.07
95.165
0
0
0
0
0
0
0
0
0
0
0
0
0
0
62.888
205.49
188.92
74.925
61.291
44.283
25.507
21.259
125.71
105.99
0
0
0
0
0
0
0
0
0
0
0
0
0
0
0
11.303
51.735
69.31
63.238
88.269
198.83
292.69
322.5
160.74
0
0
0
0
0
0
0
0
0
0
0
0
0
0
0
15.346
32.567
35.813
42.35
35.962
42.489
23.08
14.327
3.5283
0
0
0
0
0
0
0
0
0
0
0
0
0
0
0
15.621
0
28.647
33.998
75.486
173.54
238.58
260.11
144.31
0
0
0
0
0
0
0
0
0
0
0
0
0
0
0
31.211
16.506
101.91
66.982
76.018
107.3
59.065
0
0
0
0
0
0
0
0
0
0
0
0
0
0
0
0
0
0
12.111
7.9713
20.003
24.595
161.91
250.51
280.51
125.33
0
0
0
0
0
0
0
0
0
0
0
0
0
0
0
5.9695
0
31.386
31.147
28.676
140.17
230.73
233.7
0
0
0
0
0
0
0
0
0
0
0
0
0
0
0
0
0
0
7.4874
8.8302
8.9939
108.28
134.56
122.97
0
0
0
0
0
0
0
0
0
0
0
0
0
0
0
0
0
7.8884
15.124
21.896
12.479
142.74
230.28
214.55
0
0
0
0
0
0
0
0
0
0
0
0
0
0
0
0
6.7122
19.814
29.939
34.647
34.799
30.946
23.253
11.497
0
0
0
0
0
0
0
0
0
0
0
0
0
0
0
0
61.578
37.574
88.506
56.064
75.977
180.41
262.33
219.18
0
0
0
0
0
0
0
0
0
0
0
0
0
0
0
0
0
10.35
16.544
18.82
20
16.323
11.362
3.5341
0
0
0
0
0
0
0
0
0
0
0
0
0
0
0
0
65.782
119.79
99.964
51.161
58.576
81.452
79.44
53.444
0
0
0
0
0
0
0
0
0
0
0
0
0
0
0
0
32.283
76.561
91.817
52.562
69.596
70.359
14.412
0
0
0
0
0
0
0
0
0
0
0
0
0
0
0
0
0
0
0
8.4445
11.138
10.572
8.2401
4.861
0
0
0
0
0
0
0
0
0
0
0
0
0
0
0
0
0
0
0
8.2946
6.8733
9.4582
110.4
154.65
130.1
0
0
0
0
0
0
0
0
0
0
0
0
0
0
0
0
0
16.906
25.952
28.875
28.776
20.557
10.806
3.617
0
0
0
0
0
0
0
0
0
0
0
0
0
0
0
0
30.393
62.139
65.569
46.972
52.544
53.052
48.568
52.078
0
0
0
0
0
0
0
0
0
0
0
0
0
0
0
0
0
11.572
41.785
46.272
52.611
105.91
9.1359
0
0
0
0
0
0
0
0
0
0
0
0
0
0
0
0
0
36.155
116.17
99.375
43.576
55.445
133.3
191.63
131.3
0
0
0
0
0
0
0
0
0
0
0
0
0
0
0
0
6.2236
20.544
30.997
33.698
28.77
19.894
0
0
0
0
0
0
0
0
0
0
0
0
0
0
0
0
0
0
0
7.1107
13.209
18.167
18.522
15.502
9.4093
0
0
0
0
0
0
0
0
0
0
0
0
0
0
0
0
0
0
0
6.7545
8.9622
9.0178
7.1755
0
0
0
0
0
0
0
0
0
0
0
0
0
0
0
0
0
0
0
0
14.622
29.982
44.397
97.92
150.27
68.798
0
0
0
0
0
0
0
0
0
0
0
0
0
0
0
0
0
61.142
106.24
53.006
69.835
118.94
80.836
0
0
0
0
0
0
0
0
0
0
0
0
0
0
0
0
0
0
14.166
41.982
38.365
53.736
44.777
90.927
0
0
0
0
0
0
0
0
0
0
0
0
0
0
0
0
0
0
90.348
97.48
47.533
55.554
114.09
153.5
0
0
0
0
0
0
0
0
0
0
0
0
0
0
0
0
0
0
69
47.009
37.82
12.26
102.67
11.148
0
0
0
0
0
0
0
0
0
0
0
0
0
0
0
0
0
0
90.171
93.484
54.427
63.388
133.62
163.09
0
0
0
0
0
0
0
0
0
0
0
0
0
0
0
0
0
0
32.269
59.316
45.781
58.067
88.969
47.363
0
0
0
0
0
0
0
0
0
0
0
0
0
0
0
0
0
0
35.642
25.28
28.212
24.018
17.885
8.1946
0
0
0
0
0
0
0
0
0
0
0
0
0
0
0
0
0
0
48.088
50.59
39.219
37.28
28.049
14.02
0
0
0
0
0
0
0
0
0
0
0
0
0
0
0
0
0
0
62.348
82.143
37.43
46.054
63.273
37.745
0
0
0
0
0
0
0
0
0
0
0
0
0
0
0
0
0
0
10.819
19.971
25.956
32.215
32.492
11.515
0
0
0
0
0
0
0
0
0
0
0
0
0
0
0
0
0
0
8.6642
28.888
16.059
28.095
53.35
91.58
0
0
0
0
0
0
0
0
0
0
0
0
0
0
0
0
0
0
0
0
5.788
6.0149
0
0
0
0
0
0
0
0
0
0
0
0
0
0
0
0
0
0
0
0
26.171
27.208
39.284
47.586
129.09
130.58
0
0
0
0
0
0
0
0
0
0
0
0
0
0
0
0
0
0
22.536
57.382
35.189
43.478
77.828
58.168
0
0
0
0
0
0
0
0
0
0
0
0
0
0
0
0
0
0
0
7.8136
15.793
19.171
11.101
4.4463
0
0
0
0
0
0
0
0
0
0
0
0
0
0
0
0
0
0
0
0
7.9396
8.6265
5.569
0
0
0
0
0
0
0
0
0
0
0
0
0
0
0
0
0
0
0
0
9.7556
13.775
12.519
12.765
0
0
0
0
0
0
0
0
0
0
0
0
0
0
0
0
0
0
0
0
10.901
12.668
14.443
9.5811
0
0
0
0
0
0
0
0
0
0
0
0
0
0
0
0
0
0
0
0
9.869
15.358
12.686
6.5392
0
0
0
0
0
0
0
0
0
0
0
0
0
0
0
0
0
0
0
0
7.8258
22.938
16.599
13.442
9.3503
0
0
0
0
0
0
0
0
0
0
0
0
0
0
0
0
0
0
0
0
0
0
71.617
7.345
0
0
0
0
0
0
0
0
0
0
0
0
0
0
0
0
0
0
0
31.446
21.192
20.234
5.4416
0
0
0
0
0
0
0
0
0
0
0
0
0
0
0
0
0
0
0
0
0
6.2122
26.557
90.26
11.709
0
0
0
0
0
0
0
0
0
0
0
0
0
0
0
0
0
0
0
28.764
29.517
33.893
91.687
0
0
0
0
0
0
0
0
0
0
0
0
0
0
0
0
0
0
0
0
33.262
22.777
16.673
24.987
0
0
0
0
0
0
0
0
0
0
0
0
0
0
0
0
0
0
0
0
9.2331
13.21
15.762
27.847
0
0
0
0
0
0
0
0
0
0
0
0
0
0
0
0
0
0
0
0
7.577
13.386
11.036
8.0831
0
0
0
0
0
0
0
0
0
0
0
0
0
0
0
0
0
0
0
0
7.1001
10.935
11.348
8.9879
0
0
0
0
0
0
0
0
0
0
0
0
0
0
0
0
0
0
0
0
0
20.904
31.496
41.337
0
0
0
0
0
0
0
0
0
0
0
0
0
0
0
0
0
0
0
0
19.214
33.752
26.877
8.8732
0
0
0
0
0
0
0
0
0
0
0
0
0
0
0
0
0
0
0
0
19.204
30.102
25.506
17.704
0
0
0
0
0
0
0
0
0
0
0
0
0
0
0
0
0
0
0
0
19.981
27.916
33.163
55.735
0
0
0
0
0
0
0
0
0
0
0
0
0
0
0
0
0
0
0
0
11.849
23.665
12.04
12.671
0
0
0
0
0
0
0
0
0
0
0
0
0
0
0
0
0
0
0
0
18.114
19.679
26.226
62.61
0
0
0
0
0
0
0
0
0
0
0
0
0
0
0
0
0
0
0
0
5.0429
8.635
13.14
9.1294
0
0
0
0
0
0
0
0
0
0
0
0
0
0
0
0
0
0
0
0
11.504
19.622
26.248
60.458
0
0
0
0
0
0
0
0
0
0
0
0
0
0
0
0
0
0
0
0
12.601
26.696
32.151
47.803
0
0
0
0
0
0
0
0
0
0
0
0
0
0
0
0
0
0
0
0
0
11.435
14.185
8.234
0
0
0
0
0
0
0
0
0
0
0
0
0
0
0
0
0
0
0
0
0
0
0
0
0
0
0
0
0
0
0
0
0
0
0
0
0
0
0
0
0
0
0
0
0
14.828
29.045
36.486
0
0
0
0
0
0
0
0
0
0
0
0
0
0
0
0
0
0
0
0
0
22.661
26.711
39.886
0
0
0
0
0
0
0
0
0
0
0
0
0
0
0
0
0
0
0
0
0
0
0
43.376
0
0
0
0
0
0
0
0
0
0
0
0
0
0
0
0
0
0
0
0
6.0372
17.616
27.153
5.5936
0
0
0
0
0
0
0
0
0
0
0
0
0
0
0
0
0
0
0
0
0
18.488
21.881
26.133
0
0
0
0
0
0
0
0
0
0
0
0
0
0
0
0
0
0
0
0
0
20.144
24.747
37.03
0
0
0
0
0
0
0
0
0
0
0
0
0
0
0
0
0
0
0
0
0
21.109
26.205
0
0
0
0
0
0
0
0
0
0
0
0
0
0
0
0
0
0
0
0
0
0
17.564
10.673
12.813
0
0
0
0
0
0
0
0
0
0
0
0
0
0
0
0
0
0
0
0
0
19.369
23.556
36.124
0
0
0
0
0
0
0
0
0
0
0
0
0
0
0
0
0
0
0
0
0
19.093
23.298
35.601
0
0
0
0
0
0
0
0
0
0
0
0
0
0
0
0
0
0
0
0
0
0
0
0
0
0
0
0
0
0
0
0
0
0
0
0
0
0
0
0
0
0
0
0
0
0
0
0
0
0
0
0
0
0
0
0
0
0
0
0
0
0
0
0
0
0
0
0
0
0
0
0
0
0
0
0
0
0
0
0
0
0
0
0
0
0
0
0
0
0
0
0
0
0
0
0
0
0
0
0
0
0
0
0
0
0
0
0
0
0
0
0
0
0
0
0
0
10.942
18.778
7.5218
0
0
0
0
0
0
0
0
0
0
0
0
0
0
0
0
0
0
0
0
0
19.699
23.5
37.971
0
0
0
0
0
0
0
0
0
0
0
0
0
0
0
0
0
0
0
0
0
20.563
24.531
41.045
0
0
0
0
0
0
0
0
0
0
0
0
0
0
0
0
0
0
0
0
0
15.814
17.485
24.963
0
0
0
0
0
0
0
0
0
0
0
0
0
0
0
0
0
0
0
0
0
15.935
19.741
37.626
0
0
0
0
0
0
0
0
0
0
0
0
0
0
0
0
0
0
0
0
0
0
0
0
0
0
0
0
0
0
0
0
0
0
0
0
0
0
0
0
0
0
0
0
0
16.049
18.564
10.713
0
0
0
0
0
0
0
0
0
0
