0
0
0
0
0
0
0
0
0
0
0
87.201
7.4667
10.152
0
0
0
0
0
0
0
0
0
0
0
0
0
0
0
0
0
0
0
0
0
16.585
28.922
13.328
0
0
0
0
0
0
0
0
0
0
0
0
0
0
0
0
0
0
0
0
0
16.989
83.137
11.96
0
0
0
0
0
0
0
0
0
0
0
0
0
0
0
0
0
0
0
0
0
86.052
105.81
28.767
0
0
0
0
0
0
0
0
0
0
0
0
0
0
0
0
0
0
0
0
0
148.88
277.83
151.03
0
0
0
0
0
0
0
0
0
0
0
0
0
0
0
0
0
0
0
0
0
93.65
123.56
119.32
0
0
0
0
0
0
0
0
0
0
0
0
0
0
0
0
0
0
0
0
0
12.416
18.573
170
0
0
0
0
0
0
0
0
0
0
0
0
0
0
0
0
0
0
0
0
0
15.736
158.9
112.82
0
0
0
0
0
0
0
0
0
0
0
0
0
0
0
0
0
0
0
0
0
76.313
63.952
65.743
0
0
0
0
0
0
0
0
0
0
0
0
0
0
0
0
0
0
0
0
6.5735
22.077
81.578
84.061
0
0
0
0
0
0
0
0
0
0
0
0
0
0
0
0
0
0
0
0
6.0603
158.87
252.82
152.66
10.821
0
0
0
0
0
0
0
0
0
0
0
0
0
0
0
0
0
0
0
17.641
32.873
92.023
207.53
8.3652
0
0
0
0
0
0
0
0
0
0
0
0
0
0
0
0
0
0
0
13.597
0
366.46
327.21
8.2548
0
0
0
0
0
0
0
0
0
0
0
0
0
0
0
0
0
0
0
8.9693
59.81
34.891
42.6
0
0
0
0
0
0
0
0
0
0
0
0
0
0
0
0
0
0
0
0
10.129
13.453
34.59
15.426
7.257
0
0
0
0
0
0
0
0
0
0
0
0
0
0
0
0
0
0
0
0
0
58.642
182.94
45.929
0
0
0
0
0
0
0
0
0
0
0
0
0
0
0
0
0
0
0
39.174
73.964
36.403
180.82
12.583
0
0
0
0
0
0
0
0
0
0
0
0
0
0
0
0
0
0
0
67.805
266.16
23.463
0
13.288
0
0
0
0
0
0
0
0
0
0
0
0
0
0
0
0
0
0
0
36.746
169.98
163.42
188.72
94.673
0
0
0
0
0
0
0
0
0
0
0
0
0
0
0
0
0
0
0
57.788
182.88
276.59
346.88
220.64
0
0
0
0
0
0
0
0
0
0
0
0
0
0
0
0
0
0
0
87.129
282.45
355.63
316.94
146.95
0
0
0
0
0
0
0
0
0
0
0
0
0
0
0
0
0
0
0
18.468
66.864
82.734
94.567
35.345
0
0
0
0
0
0
0
0
0
0
0
0
0
0
0
0
0
0
0
0
0
0
0
0
0
0
0
0
0
0
0
0
0
0
0
0
0
0
0
0
0
0
0
10.438
27.074
26.655
19.005
0
0
0
0
0
0
0
0
0
0
0
0
0
0
0
0
0
0
0
0
154.53
319.11
432.69
373.07
264.69
0
0
0
0
0
0
0
0
0
0
0
0
0
0
0
0
0
0
0
160.92
337.81
390.3
352.35
304.83
0
0
0
0
0
0
0
0
0
0
0
0
0
0
0
0
0
0
0
180.41
344.05
379.68
302.05
222.32
0
0
0
0
0
0
0
0
0
0
0
0
0
0
0
0
0
0
0
23.651
35.728
138.95
261.77
231.29
0
0
0
0
0
0
0
0
0
0
0
0
0
0
0
0
0
0
0
150.69
294.29
183.46
328.43
282.17
7.0512
0
0
0
0
0
0
0
0
0
0
0
0
0
0
0
0
0
0
14.841
19.795
346.37
272.05
275.23
0
0
0
0
0
0
0
0
0
0
0
0
0
0
0
0
0
0
0
248.64
372.81
409.07
378.46
285.71
0
0
0
0
0
0
0
0
0
0
0
0
0
0
0
0
0
0
0
134.29
125.33
357.36
194.69
10.109
0
0
0
0
0
0
0
0
0
0
0
0
0
0
0
0
0
0
53.828
329.29
379.75
279.78
229.08
0
0
0
0
0
0
0
0
0
0
0
0
0
0
0
0
0
0
0
59.984
276.59
374.59
341.65
159.96
221.25
0
0
0
0
0
0
0
0
0
0
0
0
0
0
0
0
0
0
56.895
224.29
311.27
380.74
315.24
224.09
76.571
0
0
0
0
0
0
0
0
0
0
0
0
0
0
0
0
0
14.402
10.94
65.317
47.765
237.15
183.8
54.645
0
0
0
0
0
0
0
0
0
0
0
0
0
0
0
0
0
78.847
301.53
393.48
400.38
362.65
244.5
112.87
0
0
0
0
0
0
0
0
0
0
0
0
0
0
0
0
0
90.836
251.7
368.21
403.79
375.01
304.14
139.97
0
0
0
0
0
0
0
0
0
0
0
0
0
0
0
0
0
114.78
301.68
359.96
371.28
348.78
241.38
135.79
0
0
0
0
0
0
0
0
0
0
0
0
0
0
0
0
0
110.48
199.8
285.85
282.69
260.09
253.65
133.05
0
0
0
0
0
0
0
0
0
0
0
0
0
0
0
0
0
124.19
256.04
379.65
328.94
391.19
342.83
207.39
0
0
0
0
0
0
0
0
0
0
0
0
0
0
0
0
0
167.32
348.15
439.96
398.74
342.86
294.06
174.57
0
0
0
0
0
0
0
0
0
0
0
0
0
0
0
0
0
43.333
92.096
256.89
227.63
302.36
299.14
233.52
0
0
0
0
0
0
0
0
0
0
0
0
0
0
0
0
0
152.27
205.4
333.3
392.01
416.18
353.59
226.15
0
0
0
0
0
0
0
0
0
0
0
0
0
0
0
0
0
184.9
0
7.951
435.94
308.9
416.14
302.58
15.415
0
0
0
0
0
0
0
0
0
0
0
0
0
0
0
0
0
50.441
130.17
261.16
449.87
385.45
77.101
0
0
0
0
0
0
0
0
0
0
0
0
0
0
0
0
0
0
7.4522
10.793
12.11
318.28
298.59
195.56
0
0
0
0
0
0
0
0
0
0
0
0
0
0
0
0
0
322.21
393.93
44.644
67.834
239.47
413.65
352.14
64.399
0
0
0
0
0
0
0
0
0
0
0
0
0
0
0
0
50.608
319.77
532.91
484.84
433.68
351.33
136.73
0
0
0
0
0
0
0
0
0
0
0
0
0
0
0
0
0
98.028
264.84
354.44
189
108.37
119.08
56.629
0
0
0
0
0
0
0
0
0
0
0
0
0
0
0
0
0
65.891
70.123
200.8
171.36
239.06
221.64
190.79
96.718
0
0
0
0
0
0
0
0
0
0
0
0
0
0
0
7.1594
261.51
337.29
267.04
394.73
502.29
417.23
278.88
91.254
0
0
0
0
0
0
0
0
0
0
0
0
0
0
0
50.369
197.43
320.81
450.82
506.83
507.43
422.66
283.04
96.354
0
0
0
0
0
0
0
0
0
0
0
0
0
0
0
84.786
255.05
425.36
495.28
356.16
81.802
293.85
213.4
28.338
0
0
0
0
0
0
0
0
0
0
0
0
0
0
0
31.791
108.72
253.93
241.23
268.28
434.41
450.48
311.14
126.49
0
0
0
0
0
0
0
0
0
0
0
0
0
0
0
122.85
327.14
413.97
195.17
268.67
205.51
358.75
293.94
0
0
0
0
0
0
0
0
0
0
0
0
0
0
0
0
102.96
285.23
399.39
477.91
519
497.17
420.37
294.16
128.78
0
0
0
0
0
0
0
0
0
0
0
0
0
0
0
99.586
246.89
384.33
474.51
514.25
511.25
405.19
285.54
138.22
0
0
0
0
0
0
0
0
0
0
0
0
0
0
0
79.481
191.67
356.16
421.89
484.52
458.71
406.79
304.2
152.18
0
0
0
0
0
0
0
0
0
0
0
0
0
0
0
41.34
91.776
177.89
362.03
392.06
479.69
412.84
239.68
126.02
0
0
0
0
0
0
0
0
0
0
0
0
0
0
0
51.8
36.28
202.85
345.53
235.26
235.55
95.696
93.343
15.808
0
0
0
0
0
0
0
0
0
0
0
0
0
0
0
25.742
66.52
107.93
163.46
125.86
116.21
80.46
45.092
20.678
0
0
0
0
0
0
0
0
0
0
0
0
0
0
0
13.738
26.497
42.957
54.258
45.08
75.022
63.086
45.995
22.736
0
0
0
0
0
0
0
0
0
0
0
0
0
0
0
192.53
361.37
485.56
321.18
183.92
116.98
10.67
18.381
9.4418
0
0
0
0
0
0
0
0
0
0
0
0
0
0
0
140.73
300.54
435.03
513.4
580.41
543.08
484.73
355.76
193.12
0
0
0
0
0
0
0
0
0
0
0
0
0
0
0
205.55
358.39
518.87
528.03
478.91
475.36
293.57
159.51
85.507
0
0
0
0
0
0
0
0
0
0
0
0
0
0
0
140.35
306.09
313.56
429.19
574.23
586.13
407.88
290.51
144.24
0
0
0
0
0
0
0
0
0
0
0
0
0
0
0
9.1074
15.834
26.057
17.934
19.551
407.35
415.27
370.77
215.4
0
0
0
0
0
0
0
0
0
0
0
0
0
0
8.1815
241.25
420.77
540.31
606.57
626.69
572.34
438.86
346.33
201.64
0
0
0
0
0
0
0
0
0
0
0
0
0
0
0
0
273.04
415.77
207.88
238.39
325.91
67.535
23.732
61.891
10.85
0
0
0
0
0
0
0
0
0
0
0
0
0
13.185
87.561
158.08
260.44
260.88
164.42
138.71
91.558
44.489
14.637
0
0
0
0
0
0
0
0
0
0
0
0
0
0
13.076
0
251.24
505.92
257.24
142.36
108.47
51.258
54.362
87.68
12.05
0
0
0
0
0
0
0
0
0
0
0
0
0
47.009
181.57
342.55
451.85
479.4
590.21
605.23
515.09
384.5
164.49
48.509
0
0
0
0
0
0
0
0
0
0
0
0
0
71.045
249.43
403.75
513.63
457.25
403.29
425.95
268.66
150.5
142.02
48.726
0
0
0
0
0
0
0
0
0
0
0
0
0
64.918
244.39
342.54
445.47
426.44
517.75
504.77
500.42
409.1
243.55
78.178
0
0
0
0
0
0
0
0
0
0
0
0
0
59.874
147.73
332.28
439.42
451.77
616.88
392.93
139.3
12.631
124.83
53.527
0
0
0
0
0
0
0
0
0
0
0
0
0
67.876
241.92
451.4
558.54
445.83
274.57
369.87
97.104
51.599
51.556
16.37
0
0
0
0
0
0
0
0
0
0
0
0
0
79.527
250.29
398.18
506.3
594.96
607.8
576.41
485.18
346.3
216.19
70.25
0
0
0
0
0
0
0
0
0
0
0
0
0
68.695
172.8
288.49
240.19
212.15
276.15
377.66
270.32
282.83
182.93
83.523
0
0
0
0
0
0
0
0
0
0
0
0
0
99.379
276.77
433.23
538.53
617.98
638.97
595.43
517.94
403.61
244.63
86.957
0
0
0
0
0
0
0
0
0
0
0
0
0
100.87
268.49
413.32
527.24
607.55
631.14
587.97
513.7
383.95
236.55
80.519
0
0
0
0
0
0
0
0
0
0
0
0
0
118.3
299.91
454.96
559.39
626.78
630.65
589.69
520.31
412.07
258.12
91.227
0
0
0
0
0
0
0
0
0
0
0
0
0
93.065
266.12
413.94
510.72
529.15
558.83
526.43
508.05
347.23
237.78
91.107
0
0
0
0
0
0
0
0
0
0
0
0
0
30.419
66.166
115.11
146.5
171.98
180.5
162.19
129.53
85.932
53.037
20.695
0
0
0
0
0
0
0
0
0
0
0
0
0
112.2
279.52
419.35
550.15
610.52
616.8
574.2
507.43
394.38
236.7
87.052
0
0
0
0
0
0
0
0
0
0
0
0
7.4905
105.8
265.66
430.69
536.97
591.22
625.69
595.08
518.56
400.25
236.55
81.298
0
0
0
0
0
0
0
0
0
0
0
0
8.3611
116.65
288.1
439.03
549.97
629.72
639.58
600.08
515.43
413.57
250.21
89.227
0
0
0
0
0
0
0
0
0
0
0
0
20.009
93.732
249.79
369.75
498.55
565
549.72
583.6
464.05
355.96
200.28
77.006
0
0
0
0
0
0
0
0
0
0
0
0
23.393
36.752
133.06
172.5
117.07
197.62
265.93
145.59
178.91
317.47
270.83
85.209
8.6072
0
0
0
0
0
0
0
0
0
0
0
19.024
119.52
259.42
362.27
410.49
396.14
458.95
492.54
389.3
295.42
207.28
89.933
10.117
0
0
0
0
0
0
0
0
0
0
0
22.694
114.81
284.06
410.58
517.51
591.81
575.79
549.24
493.82
377.58
215.43
75.775
0
0
0
0
0
0
0
0
0
0
0
0
16.956
47.343
96.088
75.261
127.99
129.25
344.61
167.27
173.57
17.52
25.475
21.453
8.7943
0
0
0
0
0
0
0
0
0
0
0
16.802
24.762
108.91
222.97
63.544
300.58
474.43
26.526
228.48
353.88
231.23
58.186
24.816
0
0
0
0
0
0
0
0
0
0
0
29.156
114.78
257.97
402.78
481.52
566.12
570.14
538.81
481.52
384.28
237.07
87.372
25.169
0
0
0
0
0
0
0
0
0
0
0
39.627
107.25
111.37
423.1
485.74
380.71
410.35
21.973
186.85
238.45
161.07
47.51
20.018
0
0
0
0
0
0
0
0
0
0
0
29.887
116.8
255.48
384.87
496.48
563.8
582.79
550.67
488.64
360.63
217.62
76.373
27.128
0
0
0
0
0
0
0
0
0
0
0
32.524
122.34
276.27
419.42
524.63
596.29
610.56
581.71
507.58
389.59
242.29
82.47
30.259
0
0
0
0
0
0
0
0
0
0
0
29.224
76.174
141.36
242.97
248.24
345.88
292.42
337
232.49
196.43
105.9
58.212
20.875
0
0
0
0
0
0
0
0
0
0
0
33.633
130.79
291.64
433.81
535.6
600.59
615.64
585.79
510.28
398.6
246.14
83.244
36.045
0
0
0
0
0
0
0
0
0
0
0
34.664
114.38
249.22
372.15
458.25
535.13
556.06
531.06
463.61
383.06
233.42
80.176
38.077
0
0
0
0
0
0
0
0
0
0
0
35.298
105.15
218.81
248.62
292.47
344.29
322.13
286.89
293.17
215.63
146.62
68.747
30.377
0
0
0
0
0
0
0
0
0
0
0
37.34
89.62
168.57
276.8
295.85
397.31
356.2
389.2
443.47
344.61
212.63
81.869
49.014
0
0
0
0
0
0
0
0
0
0
0
40.941
128.79
265.55
387.19
459.36
473.94
503.47
516.13
432.9
338.68
206.57
75.065
33.759
0
0
0
0
0
0
0
0
0
0
0
41.169
126.25
273.17
423.34
524.85
581.41
584.32
546.86
473.29
371.78
227.33
77.247
45.013
0
0
0
0
0
0
0
0
0
0
7.3653
42.459
132.32
291.8
429.39
539.12
606.51
624.92
592.54
517.46
401.03
247.39
81.363
49.154
0
0
0
0
0
0
0
0
0
0
43.052
44.222
115.9
255.33
382.29
488.07
537.19
555.44
518.88
459.07
364.47
225.4
80.403
47.074
0
0
0
0
0
0
0
0
0
0
11.777
40.302
91.42
105.77
123.98
139.79
191.1
154.4
235.68
163.35
198.59
98.818
53.921
26.714
0
0
0
0
0
0
0
0
0
0
23.593
46.488
110.61
130.51
222.35
236.97
297.18
227.33
220.04
101.29
136.95
63.986
44.3
0
0
0
0
0
0
0
0
0
0
0
8.601
40.744
114.34
82.265
105.39
186.1
225.89
153.52
49.845
86.935
109.26
91.324
69.576
43.212
0
0
0
0
0
0
0
0
0
0
62.111
50.343
136.17
285.11
419.01
520.13
580.41
591.92
563.19
483.11
368.52
221.89
75.635
54.845
0
0
0
0
0
0
0
0
0
0
59.479
54.725
131.9
266.21
401.14
491.1
536.88
559.47
547.11
477.69
355.75
213.75
77.594
55.645
0
0
0
0
0
0
0
0
0
0
33.378
53.43
123.38
233.68
339.67
379.47
484.27
527.67
512.58
438.57
315.99
196.62
76.694
48.052
0
0
0
0
0
0
0
0
0
0
9.2863
19.856
40.013
77.284
83.837
79.408
107.9
116.37
132.6
92.443
62.9
37.303
17.645
19.704
0
0
0
0
0
0
0
0
0
0
75.469
64.99
148.96
303.63
444.78
302.8
362.08
551.09
185.78
69.19
55.936
17.787
11.764
0
0
0
0
0
0
0
0
0
0
0
25.082
44.965
78.205
89.12
111.77
105.83
171.94
141.08
149.51
100.52
47.874
31.243
37.164
31.946
11.775
0
0
0
0
0
0
0
0
0
6.6446
59.117
80.196
107.28
292.97
561.59
243.06
367.55
443
371.63
167.08
126.8
74.658
0
0
0
0
0
0
0
0
0
0
0
66.438
62.591
133.17
270.03
385.72
482.95
525.39
547.12
527.31
458.19
352.4
222.14
78.333
71.517
78.733
0
0
0
0
0
0
0
0
0
66.487
66.612
131.98
254.77
365.54
451.94
505.9
520.28
490.25
414.06
314.7
197.42
85.207
66.304
63
0
0
0
0
0
0
0
0
0
73.62
68.709
137.86
271.26
399.87
500.15
551.98
560.35
529.22
450.81
342.29
207.13
81.535
68.272
72.62
0
0
0
0
0
0
0
0
0
29.258
56.875
99.506
150.16
194.58
258.81
265.58
317.9
256.98
210.67
154.2
117.64
78.824
51.537
17.405
0
0
0
0
0
0
0
0
0
23.368
50.574
84.005
109.71
145.33
159.44
188.95
188.61
181.72
168.44
132.38
99.723
65.344
35.072
10.897
0
0
0
0
0
0
0
0
0
60.029
50.096
50.345
83.971
48.52
28.142
142.68
323.85
311.19
263.46
241.75
159.16
90.38
76.029
18.768
0
0
0
0
0
0
0
0
0
18.181
37.29
69.96
113.71
120.48
105.92
164.54
153.52
115.07
92.16
108.93
79.543
57.659
46.396
16.669
0
0
0
0
0
0
0
0
0
15.029
30.362
28.679
57.655
102.21
125.86
176.25
179.87
162.05
106.92
91.887
59.336
38.771
28.42
35.326
0
0
0
0
0
0
0
0
94.922
111.7
72.617
141.26
300.69
440.75
536.73
592.29
600.11
561.49
483.47
364.28
214.76
78.311
88.067
106.62
0
0
0
0
0
0
0
0
91.758
116.77
74.083
136.96
287.53
396.92
488.78
538.27
541.73
492.65
424.66
292.24
182.75
86.966
75.034
63.671
0
0
0
0
0
0
0
0
0
33.827
43.051
17.333
23.068
28.164
112.22
283.96
423.27
456.36
453.23
356.62
247.64
97.817
101.33
127.55
0
0
0
0
0
0
0
0
0
46.865
62.618
124.61
226.55
280.62
421.92
509.95
419.79
537.16
395.13
290.31
105.85
64.264
58.533
0
0
0
0
0
0
0
0
0
8.8069
27.983
71.745
94.18
192.78
255.63
381
430.67
496.14
519.44
474.53
303.87
226.99
89.102
103.12
136.78
0
0
0
0
0
0
0
0
6.3322
0
15.565
57.768
78.551
108.99
142.11
163.23
177.24
178
140.27
126.3
111
84.813
45.09
34.225
0
0
0
0
0
0
0
0
74.176
49.005
35.042
18.5
24.378
29.575
33.523
151.8
282.66
322.45
448.84
396.66
232.35
99.47
79.653
111.62
0
0
0
0
0
0
0
0
9.8663
26.901
48.946
61.622
99.553
147.72
153.11
184.89
197.2
156.47
112.09
87.004
66.007
41.477
27.717
10.118
0
0
0
0
0
0
0
0
66.431
65.949
56.371
71.977
233.01
170.54
175.83
89.687
36.824
173.81
327.8
160.76
160.72
86.565
49.666
17.204
0
0
0
0
0
0
0
0
71.569
44.413
43.876
23.547
91.031
28.863
76.875
226.33
271.92
269.89
410.67
294.73
165.95
75.029
73.585
125.61
87.208
0
0
0
0
0
0
0
12.917
23.809
45.782
79.347
114.97
164.7
135.7
185.97
206.82
144.64
170.13
142.63
122.93
71.133
36.276
0
0
0
0
0
0
0
0
0
84.926
57.042
93.119
137.46
222.37
260.66
403.94
483.17
424.12
408.51
334.69
252.06
194.76
102.94
69.118
66.522
44.375
0
0
0
0
0
0
0
32.978
87.244
91.109
137.2
178.48
172.64
235.96
260.2
226.95
257.22
302.03
293.82
181.49
99.482
96.52
116
88.959
0
0
0
0
0
0
0
52.053
72.661
96.086
129.75
187.54
193.08
171.94
211.66
156.8
124.98
84.614
79.156
52.001
27.129
10.709
0
0
0
0
0
0
0
0
0
130.64
126.12
97.643
133.68
264.57
383.33
466.89
508.54
512.11
480.85
416.56
318.76
199.98
97.842
105.95
119.77
78.174
0
0
0
0
0
0
0
108.7
101.75
92.102
133.94
245.08
317.61
366.89
406.95
414.43
402.03
350.77
267.99
178.87
101.29
92.918
87.21
65.05
0
0
0
0
0
0
0
65.134
65.311
85.101
85.822
139.94
134.19
154.79
208.4
247.53
269.16
293.91
234.19
178.75
103.94
120.04
167.26
117.29
0
0
0
0
0
0
0
158.01
145.22
97.107
130.44
283.31
418.44
513.05
563.56
570.39
538.67
463.24
347.56
203.47
89.943
114.98
147.79
107.63
0
0
0
0
0
0
0
141.83
133.5
96.524
127.19
267.43
394.09
484.19
535.45
541.25
516.56
450.01
342.07
202.53
89.839
117.02
158.44
137.65
0
0
0
0
0
0
0
175.63
156.36
101.31
131.38
284.33
416.01
510.45
564.48
574.31
540.9
464.97
349.29
204.69
90.925
120.65
166.89
140.39
0
0
0
0
0
0
70.26
190.39
165.08
109.05
137.99
295.8
432.26
529.97
580.12
586.69
546.07
470.45
352.14
204.8
91.226
120.54
161.13
122.43
0
0
0
0
0
0
79.802
190.65
164.82
107.42
133.91
290.46
424.98
521.45
572.66
582.58
547.95
475.56
358.5
209.51
93.29
127.06
173.18
149.19
0
0
0
0
0
0
85.871
183.96
161.43
104.72
129.76
284.28
418.03
512.84
563.6
573.97
542.85
468.45
356.13
212.15
96.944
131.6
186.36
176.59
0
0
0
0
0
0
73.235
155.6
144.2
99.986
127.1
263.12
386.71
473.63
523.53
529.45
503.4
436.26
330.75
194.94
91.503
119.91
156.17
136.06
0
0
0
0
0
0
107.48
147.97
120.53
114.36
139.97
217.12
298.05
433.6
542.6
569.23
488.22
354.19
304.05
156.55
100.01
63.704
32.888
17.265
0
0
0
0
0
0
54.728
26.778
70.042
89.634
131.52
245.47
308.18
374.15
410.97
400.37
302.82
340.36
285.44
176.27
88.152
60.314
74.576
12.006
0
0
0
0
0
0
114.47
194.58
182.17
112.79
146.62
274.75
398.26
486.29
276.2
296.67
225.6
169.54
193.34
148.89
75.504
76.548
26.247
7.0139
0
0
0
0
0
0
0
6.9191
23.818
90.918
101.15
84.108
171.99
60.89
196.91
363.21
403.36
477.4
275.42
196.7
109.87
125.37
164.41
151.02
0
0
0
0
0
0
87.089
154.47
149.4
106.36
126.59
276.72
397.76
516.89
317.41
309.37
288.97
259.09
203.32
149.43
106.02
78.745
62.778
53.672
0
0
0
0
0
0
116.35
191.38
175.27
120.18
131.15
287.92
428.08
527.76
287.48
313.21
278.49
204.89
165.14
130.02
82.781
58.381
31.921
17.429
0
0
0
0
0
0
112.78
220.03
189.58
128.45
135.68
283.23
390.01
578.38
218.28
269.49
292.8
230.69
157.98
133.7
101.56
68.225
34.409
18.724
0
0
0
0
0
0
0
9.5236
31.99
43.555
70.827
94.949
111.16
124.46
143.94
116.76
115.38
145.49
143.45
107.76
100.16
73.877
30.36
9.0981
0
0
0
0
0
0
6.1224
19.831
40.413
60.915
85.864
107.87
132.1
149.21
168.05
170.37
165.66
147.58
132.24
112.21
83.188
60.272
34.337
13.034
0
0
0
0
0
0
7.2173
12.483
36.641
26.793
60.57
61.365
152.47
232.55
293.89
352.27
301.64
257.39
248.11
203.68
120.54
126.49
187.91
161.83
73.557
0
0
0
0
0
85.28
136.48
143.95
111.64
125.6
257.4
360.19
430.43
452.35
453.9
469.92
390.53
299.63
198.45
113.66
120.38
149.52
94.072
19.142
0
0
0
0
0
66.72
64.386
163.05
124.34
148.72
254.23
367.78
398.45
303.91
239.22
141.53
127.63
96.286
86.705
33.88
12.516
6.5566
0
0
0
0
0
0
0
85.065
217.83
164.5
116.75
135.99
223.96
296.1
184.44
184.85
174.01
345.82
229.68
208.06
166.89
105.85
43.652
27.329
0
0
0
0
0
0
0
100.6
170.41
161.06
114.38
121.4
264.17
392.25
486.16
540.21
546.89
513.43
441.7
335
201.36
99.852
127.64
160.81
154.47
70.226
0
0
0
0
0
106.01
175.06
162.47
114.79
122.74
258.57
388.15
478.41
525.39
538.69
510.59
436.23
332.4
201.4
100.93
126.56
150.54
134.66
63.16
0
0
0
0
0
121.51
192.21
169.41
115.6
121.91
261.77
390.04
480.61
530.2
542.53
515.54
447.2
339.04
203.43
99.445
130.9
178
172.86
76.058
0
0
0
0
0
147.44
232.3
204.31
137.79
155
298.47
402.89
509.42
330.85
345.51
332.01
284.29
243.1
187.74
129.96
112.53
92.141
65.472
29.056
0
0
0
0
0
16.254
27.445
55.79
92.318
131.27
171.13
210.82
242.49
266.95
264.85
261.02
201.26
191.25
153.94
109.23
70.418
29.361
7.1664
0
0
0
0
0
0
15.037
48.724
41.555
24.19
24.517
78.623
92.513
81.443
175.75
129.93
243.77
335.71
261.89
141.63
82.92
63.403
31.089
39.548
10.157
0
0
0
0
0
152.6
203.89
192.7
123.56
132.31
242.13
360.96
421.11
448.8
406.75
435.59
382.94
304.42
189.6
129.16
99.061
76.467
39.529
11.377
0
0
0
0
0
36.679
82.048
107.69
106.85
139.09
182.67
186.52
275.63
278.01
317.36
408.68
322.98
285.91
202.28
111.44
127.85
159.71
164.16
86.247
0
0
0
0
0
8.8027
15.594
47.718
55.985
99.289
110.65
91.138
131.01
106.47
144.3
194.94
196.33
121.44
138.19
80.782
70.488
44.303
15.907
16.617
0
0
0
0
0
5.5382
18.923
38.418
55.823
72.782
93.879
111.49
129.72
134.89
145.24
135.46
129.31
118.96
97.738
73.528
53.383
34.225
14.174
0
0
0
0
0
0
6.4303
23.664
51.081
83.021
118.7
145.13
160.06
195.54
201.57
193.93
226.71
148.08
133.79
65.984
37.648
12.75
7.1309
0
0
0
0
0
0
0
105.4
173.26
164.18
117.95
119.74
258.44
385.48
476.84
523.41
534.25
501.66
433.19
332.47
201.49
106.24
124.3
141.71
119.37
54.316
0
0
0
0
0
102.81
166.2
157.72
115.55
119.57
249.58
378.22
468.48
519.57
528.22
498.56
435.68
332.88
205.56
104.47
126.66
150.52
136.88
72.659
0
0
0
0
0
91.906
150.48
143.09
118.47
129.34
237.72
359.43
445.79
496.5
510.29
498.96
437.77
331.73
206.54
101.93
126.67
176.87
179.24
88.785
0
0
0
0
0
50.498
35.063
80.44
53.619
84.037
127.27
65.097
46.992
176.99
159.96
184.94
153.52
176.98
145.86
86.045
93.898
51.867
30.154
41.699
0
0
0
0
0
10.174
22.543
49.842
54.33
62.962
100.57
138.49
161.03
155.61
153.47
133.34
102.82
103.97
70.468
60.134
54.01
18.183
9.1693
0
0
0
0
0
0
6.7793
0
8.4512
14.586
20.729
45.398
272.64
199.33
367.95
333.79
389.36
494.65
140.1
191.43
97.566
114.74
96.627
0
0
0
0
0
0
0
142.56
209.85
185.29
123.89
121.21
267.25
407.6
505.49
565.22
578.12
546.45
471.65
359.03
216.47
100.76
130.58
179.91
177.38
88.578
0
0
0
0
0
95.845
165.47
151.72
117.86
119.93
250.93
379.02
467.94
520.21
530.89
502.73
430.44
332.16
210.4
113.01
127.85
161.24
157.23
76.23
0
0
0
0
0
96.188
169.37
156.56
116.13
119.67
249.56
379.01
473.69
527.04
535.38
514.31
448.36
341.08
211.33
104.47
125.19
151.76
139.55
75.658
0
0
0
0
0
49.479
61.507
97.564
105.1
139.4
221.48
326.24
365.45
411.24
432.14
403.63
356.45
258.6
220.11
116.61
128.32
182.45
187.45
92.438
0
0
0
0
0
106.57
100.47
41.498
30.791
48.178
100.54
405.81
539.03
542.87
568.22
487.82
288.61
85.655
170.79
135.4
115.84
108.22
162.56
98.295
0
0
0
0
0
8.1588
17.555
49.075
77.131
107.61
164.7
216.11
218.69
233.82
194.94
196.78
167.24
164.95
109.91
92.333
64.047
20.763
0
0
0
0
0
0
0
110.21
181.04
186.45
133.88
133.52
274.35
388.17
524.84
167.69
108.26
187.07
161.44
196.7
138
106.94
86.705
135.87
155.17
98.148
0
0
0
0
0
12.007
44.898
85.915
84.641
110.03
158.77
199.16
225.02
239.49
222.14
256.44
176.1
155.16
115.71
95.497
72.196
19.382
6.6411
0
0
0
0
0
0
12.508
49.658
65.101
99.805
117.53
153.2
278.83
300.88
318.41
352.03
339.41
289.37
219.1
176.53
110.04
80.63
52.18
58.019
11.523
0
0
0
0
0
8.247
69.564
88.293
110.28
132.78
206.63
232.92
267.35
353.96
403.43
320.59
316.75
257.52
193.81
122.05
122.72
167.36
171.35
98.607
0
0
0
0
0
127.78
222.42
190.61
126.71
127.15
277.65
418.41
520.1
578.54
593.11
563.91
491.08
377.22
228.94
102.14
128.77
181.6
179.43
67.008
0
0
0
0
0
0
0
11.862
18.543
26.128
32.726
42.154
46.087
46.924
48.656
51.292
47.461
40.443
34.508
27.59
20.117
10.531
0
0
0
0
0
0
0
0
18.562
28.488
47.947
68.211
78.873
128.1
136.87
164.82
134.2
131.39
144.42
104.54
63.403
47.723
26.214
23.228
5.4568
0
0
0
0
0
0
100.36
174.81
168.05
113.59
120.97
272.32
416.29
502.53
318.32
290.31
263.4
248.51
208.39
155.56
109.35
88.278
63.73
28.563
0
0
0
0
0
0
0
22.308
45.135
55.713
64.375
107.66
110.49
162.36
174.12
139.44
171.88
129.76
119.42
86.192
76.995
68.608
34.489
12.074
0
0
0
0
0
0
68.55
159.87
152.2
107.45
113.16
233.59
358.81
439.51
499.38
509.6
474.73
394.9
325.19
205.68
105.97
112.53
149.26
142.81
0
0
0
0
0
0
36.241
66.407
92.535
104.4
128.95
218.34
332.79
426.38
476.47
513.52
503.23
411.95
314.29
210.9
101.5
116.02
169.78
178.56
0
0
0
0
0
0
56.883
122.1
124.24
110.18
126.99
232.08
331.13
424.06
452
469.45
483.3
434.77
358.8
221.38
103.73
115.45
156.4
146.77
0
0
0
0
0
0
9.2017
31.924
51.793
69.619
108.08
154.72
201.59
247.03
276.2
240.48
246.82
232.79
186.19
137.05
103.4
58.505
28.302
7.5591
0
0
0
0
0
0
66.896
174.28
157.74
39.41
21.633
176.74
165.12
303.64
269.57
107.47
39.652
109.72
319.74
257.6
98.837
126.6
174.67
171.13
11.124
0
0
0
0
0
0
156.51
151.76
103.94
110.77
251.12
384.88
485.87
543.75
564.14
542.34
474.21
368.39
226.72
96.125
115.11
166.2
168
0
0
0
0
0
0
0
102.41
85.701
92.023
131.54
202.21
225.39
375.65
435.94
409.18
376.12
371.32
240.94
149.1
115
91.381
46.68
11.126
0
0
0
0
0
0
0
122.45
114.53
104.05
123.99
232.31
331.95
436.85
485.19
459.5
447.08
427.9
318.35
213.57
114.56
95.103
74.47
19.794
0
0
0
0
0
0
0
122.95
115.43
100.51
120.53
224.17
330.11
426.41
464.81
482.4
456.56
403.01
312.3
203.53
98.585
101.8
131
113.44
0
0
0
0
0
0
0
107.68
115.29
100.35
116.86
226.58
336.54
421.09
457.39
496.34
471.09
406.47
310.55
206.5
101.26
101.74
130.19
115.4
0
0
0
0
0
0
0
127.21
126.46
95.66
116.15
230.24
350.01
435.21
494.49
519.9
493.2
428.02
333.82
214.68
95.852
103.49
149.78
136.02
0
0
0
0
0
0
0
114.18
114.54
94.805
116.57
231.29
359.02
435.27
448.29
464.33
463.3
412.06
327.16
216.75
95.307
99.179
136.18
113.56
0
0
0
0
0
0
0
18.389
33.728
69.981
102.36
143.61
195.55
227.14
269.05
257.15
249.27
196.14
189.57
146.74
102.96
73.609
43.211
13.317
0
0
0
0
0
0
0
16.487
34.949
68.534
108.42
153.31
193.06
217.99
240.87
236.85
214.34
195.75
161.78
130.35
88.328
57.224
36.37
13.183
0
0
0
0
0
0
0
12.934
38.303
68.622
100.5
145.63
194.95
234.07
239.35
238.35
214.42
206.18
184.56
132.11
87.264
59.648
30.634
9.919
0
0
0
0
0
0
0
15.95
45.302
70.88
105.21
152.81
204.96
247.41
244.4
211.49
195.05
170.68
143.31
122.86
93.227
56.892
29.364
8.2486
0
0
0
0
0
0
0
81.722
86.122
88.146
117.58
214.61
301.09
364.6
396.78
396.69
391.76
354.36
282.71
194.04
102.61
84.742
66.597
46.032
0
0
0
0
0
0
0
9.0881
30.11
53.339
81.531
108.97
138.75
155.69
181.79
194.03
186.79
173.75
154.06
123.67
89.679
61.103
32.845
11.556
0
0
0
0
0
0
0
95.737
119.88
86.914
109.44
248.81
374.54
463.39
517.32
542.95
513.38
455.79
346.26
218.59
94.258
89.637
119.7
72.753
0
0
0
0
0
0
0
121.43
135.24
88.419
113.54
270.05
413.77
519.76
581.24
599.4
576.05
507.54
395.07
247.45
98.524
98.9
144.31
105.14
0
0
0
0
0
0
0
12.802
51.535
44.471
57.22
99.569
57.896
227.49
342.1
368.08
382.79
521.48
347.44
211.47
106.78
95.216
134.71
88.07
0
0
0
0
0
0
0
107.49
127.83
85.388
113.63
266.44
405.12
506.35
566.99
577.96
548.82
477.34
372.03
230.64
93.708
90.101
123.71
75.647
0
0
0
0
0
0
0
6.6856
25.709
45.199
66.59
92.444
119.68
135.18
172.51
151.53
134.38
136.12
113.42
74.531
46.71
31.308
10.818
0
0
0
0
0
0
0
0
9.7038
59.732
81.746
125
272.85
301.87
464.65
332.86
145.76
180.8
147.41
195.78
109.29
114.02
97.067
137.88
0
0
0
0
0
0
0
0
11.058
44.217
72.556
112.98
166.15
205.31
265.15
316.77
288.37
257.64
313.92
193.02
136.26
77.008
39.945
18.449
0
0
0
0
0
0
0
0
0
25.023
57.241
89.696
123.6
155.92
182.85
201.27
213.52
228.43
199.63
155.35
119.01
71.29
41.537
15.319
0
0
0
0
0
0
0
0
0
26.523
42.701
56.977
97.156
126.22
138.97
193.56
199.26
206.2
177.2
123.2
87.538
55.123
32.223
11.695
0
0
0
0
0
0
0
0
0
19.005
62.571
92.911
157.53
197.71
234.68
360.82
403.24
471.05
521.65
390.4
250.95
104.63
76.623
92.485
0
0
0
0
0
0
0
0
0
11.764
28.946
48.005
60.856
76.284
83.837
77.692
83.013
85.498
85.904
86.281
69.744
49.723
29.628
13.695
0
0
0
0
0
0
0
0
0
10.075
24.027
30.52
44.723
55.798
62.991
68.443
86.605
90.771
76.952
76.558
56.495
37.027
19.485
8.0107
0
0
0
0
0
0
0
0
0
7.2042
22.664
32.156
39.987
53.268
62.55
80.789
79.558
79.202
75.725
64.6
47.562
26.655
14.763
0
0
0
0
0
0
0
0
0
0
16.291
25.635
63.175
94.08
136.73
176.06
234.16
149.64
142.26
169.09
163.18
107.77
67.952
45.111
29.6
0
0
0
0
0
0
0
0
0
63.311
67.056
111.19
176.1
288.81
425.24
570.9
584.95
153.21
25.049
21.238
30.908
11.533
42.233
18.007
0
0
0
0
0
0
0
0
0
70.133
62.964
117.88
251.21
345.62
395.27
363.77
368.63
434.32
387.1
306.72
201.25
88.011
60.745
59.923
0
0
0
0
0
0
0
0
0
71.953
62.65
107.91
214.89
336.25
444.06
503.81
514.44
519.56
443.91
337.68
215.98
88.149
69.46
81.262
0
0
0
0
0
0
0
0
0
68.978
60.404
114.78
234.69
339.52
444.56
512.99
518.13
496.5
426.68
316.44
193.89
89.319
57.05
52.696
0
0
0
0
0
0
0
0
0
54.283
59.742
104.94
202.44
313.45
354.98
357.8
384.5
370.78
320.45
228.43
165.12
90.167
53.293
31.456
0
0
0
0
0
0
0
0
0
24.535
41.61
86.906
156.1
192.81
260.19
303.97
258.84
282.21
235.58
230.51
188.97
81.708
56.192
76.26
0
0
0
0
0
0
0
0
0
26.625
51.825
89.771
136.38
150.83
182.05
159.07
238.97
219.61
135.08
105.41
46.861
37.721
21.291
0
0
0
0
0
0
0
0
0
0
40.917
66.836
110.66
153.74
204.48
389.4
411.7
441.01
309.15
208.68
135.95
69.326
46.512
0
0
0
0
0
0
0
0
0
0
0
30.123
46.797
91.698
172.07
198.89
308.58
381.83
413.98
411.37
393.4
323
207.51
83.342
59.105
64.517
0
0
0
0
0
0
0
0
0
62.037
52.041
120.23
250.86
385.11
481.6
532.13
525.24
520.1
458.7
361.61
228.33
82.289
52.672
0
0
0
0
0
0
0
0
0
0
48.395
48.083
114.29
223.54
333.44
401.85
443.65
449.43
429.58
375
291.92
189.52
80.883
46.547
0
0
0
0
0
0
0
0
0
0
61.564
46.665
123.59
272.24
408.23
512.73
564.44
585.4
558.29
493.43
381.06
236.19
81.301
50.92
0
0
0
0
0
0
0
0
0
0
0
11.803
42.973
46.537
72.217
51.486
50.65
60.196
377.83
308.49
176.04
92.476
59.987
23.5
0
0
0
0
0
0
0
0
0
0
0
0
11.79
17.667
22.925
27.128
128.07
639.08
612.99
365.29
231.57
227.09
63.147
57.374
28.519
0
0
0
0
0
0
0
0
0
50.9
42.358
124.82
276.62
410.43
511.03
563.83
570.7
543.28
475.01
360.66
218.59
77.833
42.903
0
0
0
0
0
0
0
0
0
0
0
0
43.146
255.53
435.74
153.02
293.69
564.38
377.66
201.82
234.04
113.41
28.483
24.021
0
0
0
0
0
0
0
0
0
0
0
41.347
119.15
231.25
344.34
489.81
523.13
529.11
475.45
414.46
338.04
184.83
74.927
38.342
0
0
0
0
0
0
0
0
0
0
0
37.87
125.16
279.9
416.48
515.58
570.17
553.27
521.68
452.23
330.49
182.57
72.237
33.72
0
0
0
0
0
0
0
0
0
0
0
32.542
61.228
103.27
131.8
150.85
156.26
187.78
173.95
126.51
107.57
84.191
47.227
17.729
0
0
0
0
0
0
0
0
0
0
0
37.655
113.32
230.52
321.13
402.92
408.36
395.52
384.67
335.84
249.52
142.84
64.465
24.147
0
0
0
0
0
0
0
0
0
0
0
35.057
136.38
298.66
434.07
532.71
589.38
604.64
575
499.38
386.01
232.66
75.521
34.775
0
0
0
0
0
0
0
0
0
0
0
34.717
118.66
253.05
372.79
453.29
503.55
535.24
497.56
437.27
331.16
191.67
68.59
29.338
0
0
0
0
0
0
0
0
0
0
0
36.542
112.55
283.67
424.93
476.47
336.23
441.13
461.02
391.07
191.64
99.113
69.31
31.392
0
0
0
0
0
0
0
0
0
0
0
0
11.223
14.198
19.718
32.558
50.268
50.086
396.17
366.1
280.27
171.27
63.76
25.071
0
0
0
0
0
0
0
0
0
0
0
12.438
26.287
42.775
58.448
75.546
87.361
94.639
74.782
78.978
63.908
50.698
25.806
10.072
0
0
0
0
0
0
0
0
0
0
0
26.372
34.297
74.502
94.311
117.23
59.541
106.39
110.6
184.33
144.87
96.493
33.406
15.655
0
0
0
0
0
0
0
0
0
0
0
23.06
77.947
172.67
235.17
169.53
211.32
149.03
160.57
183.43
93.676
30.982
10.783
0
0
0
0
0
0
0
0
0
0
0
0
14.376
8.0153
95.797
73.807
135.02
186.64
220.82
267.37
120.11
145.21
111.59
47.639
0
0
0
0
0
0
0
0
0
0
0
0
24.154
83.425
120.83
128.45
133.85
293.05
319.97
387.44
426.46
343.37
239.22
80.819
8.9745
0
0
0
0
0
0
0
0
0
0
0
19.945
44.939
45.087
82.01
129.89
117.52
137.6
78.498
73.252
70.861
53.263
32.133
0
0
0
0
0
0
0
0
0
0
0
0
20.596
82.806
155.05
188.03
263.3
290.54
226.3
204.71
137.45
111.43
63.422
26.371
0
0
0
0
0
0
0
0
0
0
0
0
0
14.678
44.822
53.757
49.655
26.711
40.605
419.46
437.48
353.68
213.06
63.866
0
0
0
0
0
0
0
0
0
0
0
0
0
0
12.751
17.875
21.902
35.692
43.513
376.81
260.06
180.09
103.05
37.512
0
0
0
0
0
0
0
0
0
0
0
0
21.403
142.92
298.81
437.57
545.86
598.23
615.61
577.44
498.18
378.2
222.02
65.582
0
0
0
0
0
0
0
0
0
0
0
0
17.274
54.674
135.13
134.64
362.18
461.73
334.94
458.37
383.11
214.64
102.5
38.243
0
0
0
0
0
0
0
0
0
0
0
0
8.641
30.947
58.864
79.099
100.26
111.54
113.18
108.94
87.334
59.35
38.395
15.657
0
0
0
0
0
0
0
0
0
0
0
0
13.085
52.897
113.66
155.63
223.18
248.56
232.11
195.44
183.13
140.05
90.149
23.524
0
0
0
0
0
0
0
0
0
0
0
0
8.1875
122.25
249.39
394.76
470.17
491.55
525.47
439.15
433.22
315.6
175.55
47.543
0
0
0
0
0
0
0
0
0
0
0
0
0
103.41
220.69
319.85
385.39
446.16
404.85
377.58
313.36
221.19
131.23
36.289
0
0
0
0
0
0
0
0
0
0
0
0
0
22.459
67.919
77.854
203.73
171.52
221.3
185.52
233.95
167.49
143.58
57.566
0
0
0
0
0
0
0
0
0
0
0
0
0
41.692
45.865
53.748
122.1
327.59
361.65
471.57
363.49
310.77
159.4
56.962
0
0
0
0
0
0
0
0
0
0
0
0
0
58.516
63.535
160.02
330.51
291.65
289.48
268.86
308.53
351.68
222.32
57.14
0
0
0
0
0
0
0
0
0
0
0
0
0
141.05
304.09
438.75
545.1
605.44
602.2
568.87
495.69
367.97
210.33
48.985
0
0
0
0
0
0
0
0
0
0
0
0
0
0
9.2493
14.233
18.054
20.482
24.834
367.94
328.52
239.45
136.39
28.147
0
0
0
0
0
0
0
0
0
0
0
0
0
100.86
277.68
393.91
517.29
572.67
535.73
495.74
388.97
295
163.27
0
0
0
0
0
0
0
0
0
0
0
0
0
0
93.46
218.41
357.44
407.49
422.99
461.2
424.22
367.46
350.3
185.95
9.4101
0
0
0
0
0
0
0
0
0
0
0
0
0
13.092
37.899
86.708
115.84
105.95
137.71
304.04
150.13
130.7
43.277
0
0
0
0
0
0
0
0
0
0
0
0
0
0
0
25.52
46.374
365.67
277.61
382.47
261.99
274.26
147.82
78.72
0
0
0
0
0
0
0
0
0
0
0
0
0
0
114.65
207.52
334.21
307.19
424.63
300.59
241.33
199.95
101.56
34.983
0
0
0
0
0
0
0
0
0
0
0
0
0
0
79.589
203.12
395.11
505.73
580.34
569.04
496.51
410.37
344.31
198.57
0
0
0
0
0
0
0
0
0
0
0
0
0
0
62.189
128.86
196.87
307.61
285.05
281.91
379.19
388.94
277.8
157
0
0
0
0
0
0
0
0
0
0
0
0
0
0
99.386
227.74
417.1
405.73
420.01
580.82
482.1
331.41
249.93
90.082
0
0
0
0
0
0
0
0
0
0
0
0
0
0
9.7338
28.192
43.97
63.105
67.608
71.09
43.166
38.185
27.007
12.156
0
0
0
0
0
0
0
0
0
0
0
0
0
0
23.545
82.914
158.55
221.52
214.75
181.8
152.52
99.858
57.039
20.034
0
0
0
0
0
0
0
0
0
0
0
0
0
0
99.205
316.38
471.4
582.95
632.11
631.82
582.59
483.66
343.91
175.48
0
0
0
0
0
0
0
0
0
0
0
0
0
0
49.349
177.81
271.12
339.55
336.61
352.95
381.41
246.11
164.63
77.355
0
0
0
0
0
0
0
0
0
0
0
0
0
0
90.685
317.1
368.03
158.49
147.15
70.959
36.427
30.643
139.48
84.863
0
0
0
0
0
0
0
0
0
0
0
0
0
0
0
17.619
80.296
133.82
205.98
536.1
582.2
478.39
332.08
124.3
0
0
0
0
0
0
0
0
0
0
0
0
0
0
0
22.248
47.282
53.77
68.229
55.2
66.161
33.434
21.096
0
0
0
0
0
0
0
0
0
0
0
0
0
0
0
0
22.57
0
41.865
51.566
346.61
498.96
393.36
272.28
109.36
0
0
0
0
0
0
0
0
0
0
0
0
0
0
0
45.893
24.172
267.71
470.49
449.89
272.5
91.622
0
0
0
0
0
0
0
0
0
0
0
0
0
0
0
0
0
0
17.978
10.73
27.12
34.536
440.54
413.61
292.85
95.558
0
0
0
0
0
0
0
0
0
0
0
0
0
0
0
10.64
0
46.861
46.808
41.988
380.16
381.8
246.62
0
0
0
0
0
0
0
0
0
0
0
0
0
0
0
0
0
0
10.002
10.783
10.847
274.82
220.92
135.95
0
0
0
0
0
0
0
0
0
0
0
0
0
0
0
0
0
11.931
20.95
30.303
15.562
388.49
382.78
227.85
0
0
0
0
0
0
0
0
0
0
0
0
0
0
0
0
11.313
28.795
44.923
55.166
55.257
46.965
34.019
16.97
0
0
0
0
0
0
0
0
0
0
0
0
0
0
0
0
100.07
59.688
248.85
403.81
543.94
545.28
436
240.9
0
0
0
0
0
0
0
0
0
0
0
0
0
0
0
0
0
15.389
23.152
25.417
27.221
22.375
16.178
0
0
0
0
0
0
0
0
0
0
0
0
0
0
0
0
0
111.97
251.83
320.27
295.2
304.73
193.79
128.97
66.279
0
0
0
0
0
0
0
0
0
0
0
0
0
0
0
0
51.815
146.32
280.63
357.83
406.86
165.27
20.748
0
0
0
0
0
0
0
0
0
0
0
0
0
0
0
0
0
0
0
11.124
13.621
12.678
10.386
0
0
0
0
0
0
0
0
0
0
0
0
0
0
0
0
0
0
0
0
10.894
0
11.11
304.68
260.85
159.46
0
0
0
0
0
0
0
0
0
0
0
0
0
0
0
0
0
24.733
39.291
45.593
45.108
29.684
15.398
0
0
0
0
0
0
0
0
0
0
0
0
0
0
0
0
0
56.136
119.87
168.62
177.05
193.14
111.85
77.803
63.987
0
0
0
0
0
0
0
0
0
0
0
0
0
0
0
0
0
17.03
84.674
218.09
264.42
288.78
12.94
0
0
0
0
0
0
0
0
0
0
0
0
0
0
0
0
0
70.536
271.04
348.67
367.15
424.36
403.59
328.04
154.37
0
0
0
0
0
0
0
0
0
0
0
0
0
0
0
0
9.3035
30.988
50.388
60.343
47.476
29.222
0
0
0
0
0
0
0
0
0
0
0
0
0
0
0
0
0
0
0
10.66
18.227
25.103
25.655
21.606
13.469
0
0
0
0
0
0
0
0
0
0
0
0
0
0
0
0
0
0
0
0
10.266
10.202
0
0
0
0
0
0
0
0
0
0
0
0
0
0
0
0
0
0
0
0
0
17.658
42.354
100.29
252.1
255.69
68.691
0
0
0
0
0
0
0
0
0
0
0
0
0
0
0
0
0
131.32
344.98
446.18
480.63
326.07
135.23
0
0
0
0
0
0
0
0
0
0
0
0
0
0
0
0
0
0
18.628
83.293
68.859
230.26
94.954
154.79
0
0
0
0
0
0
0
0
0
0
0
0
0
0
0
0
0
0
217.54
332.76
348.45
310.61
326.2
267.58
0
0
0
0
0
0
0
0
0
0
0
0
0
0
0
0
0
0
156.85
108.41
97.924
12.789
271.64
14.289
0
0
0
0
0
0
0
0
0
0
0
0
0
0
0
0
0
0
226.22
308.43
499.41
487.16
404.36
286.23
0
0
0
0
0
0
0
0
0
0
0
0
0
0
0
0
0
0
63.774
168.82
353.93
389.3
251.89
78.243
0
0
0
0
0
0
0
0
0
0
0
0
0
0
0
0
0
0
76.286
37.477
44.769
34.158
23.579
10.244
0
0
0
0
0
0
0
0
0
0
0
0
0
0
0
0
0
0
117.29
135.21
145.09
99.306
46.043
19.118
0
0
0
0
0
0
0
0
0
0
0
0
0
0
0
0
0
0
166.64
261.56
212.8
292.35
169.9
61.685
0
0
0
0
0
0
0
0
0
0
0
0
0
0
0
0
0
0
14.692
28.614
42.036
77.349
63.424
15.407
0
0
0
0
0
0
0
0
0
0
0
0
0
0
0
0
0
0
11.462
60.166
19.626
75.338
140.75
156.18
0
0
0
0
0
0
0
0
0
0
0
0
0
0
0
0
0
0
0
0
0
0
0
0
0
0
0
0
0
0
0
0
0
0
0
0
0
0
0
0
0
0
60.309
58.902
275.02
367.25
411.45
235.49
0
0
0
0
0
0
0
0
0
0
0
0
0
0
0
0
0
0
52.718
202.02
300.21
293.34
237.6
93.842
0
0
0
0
0
0
0
0
0
0
0
0
0
0
0
0
0
0
0
0
20.158
27.661
13.287
0
0
0
0
0
0
0
0
0
0
0
0
0
0
0
0
0
0
0
0
0
0
0
0
0
0
0
0
0
0
0
0
0
0
0
0
0
0
0
0
0
0
0
0
12.053
16.673
14.005
16.769
0
0
0
0
0
0
0
0
0
0
0
0
0
0
0
0
0
0
0
0
14.138
14.965
18.344
11.182
0
0
0
0
0
0
0
0
0
0
0
0
0
0
0
0
0
0
0
0
12.593
21.109
14.926
0
0
0
0
0
0
0
0
0
0
0
0
0
0
0
0
0
0
0
0
0
9.5002
96.914
24.345
19.212
11.274
0
0
0
0
0
0
0
0
0
0
0
0
0
0
0
0
0
0
0
0
0
0
225.81
8.3901
0
0
0
0
0
0
0
0
0
0
0
0
0
0
0
0
0
0
0
95.401
65.435
50.438
0
0
0
0
0
0
0
0
0
0
0
0
0
0
0
0
0
0
0
0
0
0
0
118.29
292.93
10.205
0
0
0
0
0
0
0
0
0
0
0
0
0
0
0
0
0
0
0
99.553
356.05
337.69
317.05
0
0
0
0
0
0
0
0
0
0
0
0
0
0
0
0
0
0
0
0
109.45
145.05
30.12
62.262
0
0
0
0
0
0
0
0
0
0
0
0
0
0
0
0
0
0
0
0
12.491
19.221
26.723
71.875
0
0
0
0
0
0
0
0
0
0
0
0
0
0
0
0
0
0
0
0
9.9524
20.834
13.425
10.651
0
0
0
0
0
0
0
0
0
0
0
0
0
0
0
0
0
0
0
0
9.3155
14.02
14.48
11.981
0
0
0
0
0
0
0
0
0
0
0
0
0
0
0
0
0
0
0
0
0
182.31
298.17
114.4
0
0
0
0
0
0
0
0
0
0
0
0
0
0
0
0
0
0
0
0
52.435
205.17
148.9
9.7877
0
0
0
0
0
0
0
0
0
0
0
0
0
0
0
0
0
0
0
0
49.381
166.12
166.53
30.628
0
0
0
0
0
0
0
0
0
0
0
0
0
0
0
0
0
0
0
0
51.326
224.65
310.09
147.23
0
0
0
0
0
0
0
0
0
0
0
0
0
0
0
0
0
0
0
0
15.507
104.85
13.226
16.029
0
0
0
0
0
0
0
0
0
0
0
0
0
0
0
0
0
0
0
0
33.719
101.43
177.74
169.25
0
0
0
0
0
0
0
0
0
0
0
0
0
0
0
0
0
0
0
0
5.8859
8.526
16.217
10.664
0
0
0
0
0
0
0
0
0
0
0
0
0
0
0
0
0
0
0
0
13.725
116.74
215.27
158.94
0
0
0
0
0
0
0
0
0
0
0
0
0
0
0
0
0
0
0
0
15.304
202.58
329.46
116.72
0
0
0
0
0
0
0
0
0
0
0
0
0
0
0
0
0
0
0
0
0
13.685
19.941
9.5859
0
0
0
0
0
0
0
0
0
0
0
0
0
0
0
0
0
0
0
0
0
0
0
0
0
0
0
0
0
0
0
0
0
0
0
0
0
0
0
0
0
0
0
0
0
36.882
220.56
79.014
0
0
0
0
0
0
0
0
0
0
0
0
0
0
0
0
0
0
0
0
0
127.39
225.44
89.226
0
0
0
0
0
0
0
0
0
0
0
0
0
0
0
0
0
0
0
0
0
0
0
97.487
0
0
0
0
0
0
0
0
0
0
0
0
0
0
0
0
0
0
0
0
7.0834
97.304
188.06
0
0
0
0
0
0
0
0
0
0
0
0
0
0
0
0
0
0
0
0
0
0
102.23
137.12
48.524
0
0
0
0
0
0
0
0
0
0
0
0
0
0
0
0
0
0
0
0
0
103.82
199.52
79.172
0
0
0
0
0
0
0
0
0
0
0
0
0
0
0
0
0
0
0
0
0
125.67
182.89
0
0
0
0
0
0
0
0
0
0
0
0
0
0
0
0
0
0
0
0
0
0
63.087
13.065
16.211
0
0
0
0
0
0
0
0
0
0
0
0
0
0
0
0
0
0
0
0
0
112.82
221.79
76.977
0
0
0
0
0
0
0
0
0
0
0
0
0
0
0
0
0
0
0
0
0
109.14
220.52
75.648
0
0
0
0
0
0
0
0
0
0
0
0
0
0
0
0
0
0
0
0
0
0
0
0
0
0
0
0
0
0
0
0
0
0
0
0
0
0
0
0
0
0
0
0
0
0
0
0
0
0
0
0
0
0
0
0
0
0
0
0
0
0
0
0
0
0
0
0
0
0
0
0
0
0
0
0
0
0
0
0
0
0
0
0
0
0
0
0
0
0
0
0
0
0
0
0
0
0
0
0
0
0
0
0
0
0
0
0
0
0
0
0
0
0
0
0
0
13.574
97.967
8.707
0
0
0
0
0
0
0
0
0
0
0
0
0
0
0
0
0
0
0
0
0
107.46
225.99
87.359
0
0
0
0
0
0
0
0
0
0
0
0
0
0
0
0
0
0
0
0
0
117.63
262.97
98.356
0
0
0
0
0
0
0
0
0
0
0
0
0
0
0
0
0
0
0
0
0
69.669
129.75
49.702
0
0
0
0
0
0
0
0
0
0
0
0
0
0
0
0
0
0
0
0
0
59.89
174.46
91.156
0
0
0
0
0
0
0
0
0
0
0
0
0
0
0
0
0
0
0
0
0
0
0
0
0
0
0
0
0
0
0
0
0
0
0
0
0
0
0
0
0
0
0
0
0
72.613
110.41
13.277
0
0
0
0
0
0
0
0
0
0