0
0
0
0
0
0
0
0
0
0
0
41.679
16.3
17.109
0
0
0
0
0
0
0
0
0
0
0
0
0
0
0
0
0
0
0
0
0
24.208
28.204
21.344
0
0
0
0
0
0
0
0
0
0
0
0
0
0
0
0
0
0
0
0
0
24.728
31.397
19.66
0
0
0
0
0
0
0
0
0
0
0
0
0
0
0
0
0
0
0
0
0
42.085
32.82
32.612
0
0
0
0
0
0
0
0
0
0
0
0
0
0
0
0
0
0
0
0
0
47.768
42.929
100.01
0
0
0
0
0
0
0
0
0
0
0
0
0
0
0
0
0
0
0
0
0
42.243
38.814
80.4
0
0
0
0
0
0
0
0
0
0
0
0
0
0
0
0
0
0
0
0
0
21.347
28.35
105.41
0
0
0
0
0
0
0
0
0
0
0
0
0
0
0
0
0
0
0
0
0
25.349
38.632
74.733
0
0
0
0
0
0
0
0
0
0
0
0
0
0
0
0
0
0
0
0
0
39.114
36.087
52.17
0
0
0
0
0
0
0
0
0
0
0
0
0
0
0
0
0
0
0
0
10.943
30.806
38.452
60.641
0
0
0
0
0
0
0
0
0
0
0
0
0
0
0
0
0
0
0
0
10.076
57.967
47.974
91.088
24.747
0
0
0
0
0
0
0
0
0
0
0
0
0
0
0
0
0
0
0
28.811
36.471
42.346
116.42
14.368
0
0
0
0
0
0
0
0
0
0
0
0
0
0
0
0
0
0
0
22.145
0
53.127
149.6
13.739
0
0
0
0
0
0
0
0
0
0
0
0
0
0
0
0
0
0
0
15.092
43.087
40.418
42.693
11.047
0
0
0
0
0
0
0
0
0
0
0
0
0
0
0
0
0
0
0
17.02
24.707
41.862
27.031
11.87
0
0
0
0
0
0
0
0
0
0
0
0
0
0
0
0
0
0
0
0
14.954
43.989
103.6
65.348
0
0
0
0
0
0
0
0
0
0
0
0
0
0
0
0
0
0
0
40.169
50.209
43.168
103.19
21.132
0
0
0
0
0
0
0
0
0
0
0
0
0
0
0
0
0
0
0
53.686
114.79
37.309
14.972
22.218
0
0
0
0
0
0
0
0
0
0
0
0
0
0
0
0
0
0
0
36.033
74.606
52.761
97.791
105.68
0
0
0
0
0
0
0
0
0
0
0
0
0
0
0
0
0
0
0
49.332
81.675
68.744
162.43
212.67
0
0
0
0
0
0
0
0
0
0
0
0
0
0
0
0
0
0
0
69.244
108.76
63.321
147.67
150.68
0
0
0
0
0
0
0
0
0
0
0
0
0
0
0
0
0
0
0
29.2
58.343
58.691
73.1
46.218
0
0
0
0
0
0
0
0
0
0
0
0
0
0
0
0
0
0
0
0
0
10.475
0
0
0
0
0
0
0
0
0
0
0
0
0
0
0
0
0
0
0
0
0
18.365
42.958
43.976
34.147
14.623
0
0
0
0
0
0
0
0
0
0
0
0
0
0
0
0
0
0
0
125.03
137.32
73.008
172.76
261.9
0
0
0
0
0
0
0
0
0
0
0
0
0
0
0
0
0
0
0
133.36
143.03
73.016
166.18
295.98
0
0
0
0
0
0
0
0
0
0
0
0
0
0
0
0
0
0
0
151.77
150.19
75.412
152.79
219.61
0
0
0
0
0
0
0
0
0
0
0
0
0
0
0
0
0
0
0
38.013
53.939
74.794
147
224.92
0
0
0
0
0
0
0
0
0
0
0
0
0
0
0
0
0
0
0
137.4
143.73
79.23
174.77
272.15
10.788
0
0
0
0
0
0
0
0
0
0
0
0
0
0
0
0
0
0
26.026
36.35
115.43
154.43
269.18
6.6506
0
0
0
0
0
0
0
0
0
0
0
0
0
0
0
0
0
0
225.24
178.75
83.678
182.81
274.95
7.2134
0
0
0
0
0
0
0
0
0
0
0
0
0
0
0
0
0
0
136.46
100.45
122.05
121.75
19.864
0
0
0
0
0
0
0
0
0
0
0
0
0
0
0
0
0
0
58.912
306.51
211.06
90.696
146.56
12.237
0
0
0
0
0
0
0
0
0
0
0
0
0
0
0
0
0
0
65.349
273.06
199.16
94.012
119.46
231.97
0
0
0
0
0
0
0
0
0
0
0
0
0
0
0
0
0
0
66.289
235.57
182.09
102.5
174.34
228.39
131.83
0
0
0
0
0
0
0
0
0
0
0
0
0
0
0
0
0
24.014
20.308
85.443
72.505
157.75
194.44
92.706
0
0
0
0
0
0
0
0
0
0
0
0
0
0
0
0
0
93.933
321.65
221.91
103.14
192.28
248.26
181.95
0
0
0
0
0
0
0
0
0
0
0
0
0
0
0
0
0
110.87
283.45
215.73
105.06
198.55
305.84
219.14
0
0
0
0
0
0
0
0
0
0
0
0
0
0
0
0
0
142.54
342.78
216.53
113.74
191.3
251.14
208.37
0
0
0
0
0
0
0
0
0
0
0
0
0
0
0
0
0
143.36
243.15
193.45
118.19
167.38
262.81
202.89
0
0
0
0
0
0
0
0
0
0
0
0
0
0
0
0
0
163.34
310.89
228.78
119.63
214.83
348.87
317.05
0
0
0
0
0
0
0
0
0
0
0
0
0
0
0
0
0
225.06
424.92
257.8
117.15
197
304.85
269.75
0
0
0
0
0
0
0
0
0
0
0
0
0
0
0
0
0
67.052
134.28
190.34
135.36
188.04
311.73
369.48
0
0
0
0
0
0
0
0
0
0
0
0
0
0
0
0
0
220.14
276.77
218.21
119.42
228.83
365.05
364.1
0
0
0
0
0
0
0
0
0
0
0
0
0
0
0
0
0
280.04
0
16.243
168.76
210.35
438.65
497.17
35.443
0
0
0
0
0
0
0
0
0
0
0
0
0
0
0
0
0
83.6
143.46
139.06
260.71
416.68
127.25
0
0
0
0
0
0
0
0
0
0
0
0
0
0
0
0
0
0
13.848
21.926
25.849
217.07
319.13
320.71
0
0
0
0
0
0
0
0
0
0
0
0
0
0
0
0
0
521.58
539.04
75.258
102.81
184.61
442.03
583.6
174.15
0
0
0
0
0
0
0
0
0
0
0
0
0
0
0
0
86.755
440.52
343.38
141.41
247.7
381.82
226.42
0
0
0
0
0
0
0
0
0
0
0
0
0
0
0
0
0
171.61
363.36
251.04
145.6
141.97
159.89
95.485
0
0
0
0
0
0
0
0
0
0
0
0
0
0
0
0
0
116.16
114.2
190.24
152.8
204.76
259.97
318.38
244.16
0
0
0
0
0
0
0
0
0
0
0
0
0
0
0
0
485.28
463.19
223.8
156.45
276.29
442.52
467.22
226.32
0
0
0
0
0
0
0
0
0
0
0
0
0
0
0
87.297
375.88
438.4
289.97
142.3
281.43
450.73
476.31
234.44
0
0
0
0
0
0
0
0
0
0
0
0
0
0
0
154.42
502.08
578.03
332.78
178.22
125.79
337.51
359.89
57.588
0
0
0
0
0
0
0
0
0
0
0
0
0
0
0
58.701
212.49
357.65
227.02
175.61
272.11
484.51
529.13
297.8
0
0
0
0
0
0
0
0
0
0
0
0
0
0
0
246.14
692.09
574.16
197.73
179.71
198.68
400.82
501.53
6.5532
0
0
0
0
0
0
0
0
0
0
0
0
0
0
0
215.96
609.1
547.6
315.8
162.4
293.78
460.66
504.01
296.85
0
0
0
0
0
0
0
0
0
0
0
0
0
0
0
217.19
524.35
529.1
314.86
162.95
297.6
447.79
491.12
325.17
0
0
0
0
0
0
0
0
0
0
0
0
0
0
0
175.88
400.26
492.32
297.85
172.93
296.65
452.65
526.05
362.75
0
0
0
0
0
0
0
0
0
0
0
0
0
0
0
89.769
188.72
275.14
277.21
172.75
300.68
470.22
427.5
308.28
0
0
0
0
0
0
0
0
0
0
0
0
0
0
0
120.59
68.686
308.84
281.08
194.66
229.22
157.1
169.95
28.939
0
0
0
0
0
0
0
0
0
0
0
0
0
0
0
50.897
130.93
185.18
203.54
176.15
175.3
139.59
84.217
39.017
0
0
0
0
0
0
0
0
0
0
0
0
0
0
0
22.8
49.208
80.623
99.769
86.005
129.78
113.48
85.973
43.278
0
0
0
0
0
0
0
0
0
0
0
0
0
0
0
550.46
804.78
690.37
288.95
190.97
173.98
21.804
34.648
15.474
0
0
0
0
0
0
0
0
0
0
0
0
0
0
0
406.63
665.12
614.74
341.33
167.51
333.39
558.04
650.03
553.34
0
0
0
0
0
0
0
0
0
0
0
0
0
0
0
629.22
798.19
732.45
373.78
191.11
325.03
373.44
292.87
221.68
0
0
0
0
0
0
0
0
0
0
0
0
0
0
0
431.34
674
463.31
335.43
214.13
389.32
499.04
533.77
413.5
0
0
0
0
0
0
0
0
0
0
0
0
0
0
0
0
28.685
50.315
36.988
41.414
352.02
498.84
687.37
645.23
0
0
0
0
0
0
0
0
0
0
0
0
0
0
13.782
829
944.07
761.1
386.26
182.71
372.82
529.11
645.09
602.4
8.341
0
0
0
0
0
0
0
0
0
0
0
0
0
0
0
595.26
598.66
247.86
231.84
296.06
122.82
44.595
146.58
20.787
0
0
0
0
0
0
0
0
0
0
0
0
0
25.298
254.52
332.62
403.48
278.26
221.98
211.56
161.92
83.6
25.033
0
0
0
0
0
0
0
0
0
0
0
0
0
0
24.581
0
544.45
734.71
273.95
203.72
179.7
95.86
102.16
226.02
22.594
0
0
0
0
0
0
0
0
0
0
0
0
0
182.26
640.24
764.66
646.23
354.13
200.18
391.5
617.39
733.03
482.51
216.08
0
0
0
0
0
0
0
0
0
0
0
0
0
317.04
905.78
908.21
730.89
358.95
233.82
342.29
373.65
284.16
401.99
209.82
0
0
0
0
0
0
0
0
0
0
0
0
0
299.31
883.59
765.16
641.37
344.43
223.43
371.35
614.35
790.34
764.49
408.19
0
0
0
0
0
0
0
0
0
0
0
0
0
281.11
486.7
741.29
632.42
359.78
280.63
351.62
224.06
23.517
348.06
245.74
0
0
0
0
0
0
0
0
0
0
0
0
0
336.81
874.54
1016.2
810.84
369.57
244.86
348.45
172.98
97.135
105.79
31.148
0
0
0
0
0
0
0
0
0
0
0
0
0
423.1
914.43
896.12
719.54
388.16
199.27
395.37
607.53
675.89
679.11
352.98
0
0
0
0
0
0
0
0
0
0
0
0
0
362.37
586.02
636.61
381.6
274.04
258.12
356.25
393.36
551.44
558.05
420.84
0
0
0
0
0
0
0
0
0
0
0
0
0
593.06
1014.8
978.07
764.63
399.43
209.47
415.49
653.39
801.22
794.44
520
0
0
0
0
0
0
0
0
0
0
0
0
0
622.82
983.36
933.14
750.55
394.97
210.34
415.92
651.26
765.68
774.11
485.13
0
0
0
0
0
0
0
0
0
0
0
0
0
779.64
1098.9
1028.2
795.25
405.51
228.04
422
663.73
828.47
858.05
592.7
0
0
0
0
0
0
0
0
0
0
0
0
0
575.48
969.13
934.87
730.11
378.8
231.71
409.58
656.01
696.48
784.57
583.66
0
0
0
0
0
0
0
0
0
0
0
0
0
64.321
138.89
227.25
257.83
262.4
257.74
255.94
226.89
163.15
105.86
38.391
0
0
0
0
0
0
0
0
0
0
0
0
0
801.89
1022.8
948.16
786.31
410.77
227.25
426.97
660.47
803.68
795.86
584.64
0
0
0
0
0
0
0
0
0
0
0
0
0
759.76
965.27
975.44
766.69
395.56
226.21
438.75
679.07
821.57
796.4
566.25
0
0
0
0
0
0
0
0
0
0
0
0
0
890.85
1060.1
994.6
784.79
426.34
246.17
447
678.08
855.75
856.52
674.33
0
0
0
0
0
0
0
0
0
0
0
0
121.73
630.67
894.44
828.77
718.86
389.67
269.23
452.85
625.71
733.71
653.75
530.87
0
0
0
0
0
0
0
0
0
0
0
0
155.84
78.528
376.55
356.12
212.89
278.41
293.52
240.57
294.09
650.19
910.89
568.77
14.654
0
0
0
0
0
0
0
0
0
0
0
153.88
878.29
927.72
810.63
612.7
372.25
288.71
430.05
549.12
607.54
683.39
623.98
19.49
0
0
0
0
0
0
0
0
0
0
0
268.74
906.94
1079.6
965.37
760.52
397.38
242.8
443.8
683.71
825.25
776.8
560.64
0
0
0
0
0
0
0
0
0
0
0
0
53.335
124.53
248.14
153.35
244.19
229.65
306.95
278.57
301.95
34.801
49.032
40.653
15.809
0
0
0
0
0
0
0
0
0
0
0
37.224
46.622
297.25
497.78
126.93
348.8
354.06
55.802
377.4
774.92
814.55
321.04
241.15
0
0
0
0
0
0
0
0
0
0
0
348.96
888.67
984.4
948.46
720.1
393.03
245.99
450.86
682
858.31
900.76
806.13
375.7
0
0
0
0
0
0
0
0
0
0
0
485.06
728.72
303.57
986
734.3
380.62
319.7
46.42
324.77
515.45
532.5
173.46
153.37
0
0
0
0
0
0
0
0
0
0
0
458.28
940.48
968.44
906.9
740.74
387.93
241.15
457.61
700.2
812.61
823.08
680.73
280.01
0
0
0
0
0
0
0
0
0
0
0
519.23
1000.6
1072.5
993.42
776.4
395.36
240.15
475.06
727.63
887.23
947.71
862.24
427.91
0
0
0
0
0
0
0
0
0
0
0
172.56
302.17
404.31
542.85
430
384.94
313.78
410.69
398.93
422.56
281.63
257.94
100.22
0
0
0
0
0
0
0
0
0
0
0
685.6
1100.5
1139.1
1031.3
793.71
400.76
246.35
485.53
742.08
919.77
980.63
896.12
485.44
0
0
0
0
0
0
0
0
0
0
0
561.15
818.66
927.2
874.37
699.37
390.34
254.82
466.27
686.54
886.52
944.65
864.35
515.45
0
0
0
0
0
0
0
0
0
0
0
556.87
717.4
780.86
556.49
494.9
402.66
343.41
398.09
488.76
470.05
442.56
360.85
288.69
0
0
0
0
0
0
0
0
0
0
0
530.82
424.14
508.61
632.09
501.14
394.44
340.48
446.2
673.64
800.98
823.26
865.08
631.53
0
0
0
0
0
0
0
0
0
0
0
685.36
1046.7
1017.6
916.67
700.26
400.17
292.24
479.01
659.39
785.6
802.95
676.6
320.21
0
0
0
0
0
0
0
0
0
0
0
752.35
1018.3
1063.3
1012.5
784.06
400.6
260.99
487.73
712.26
881.34
939.64
852.35
504.42
0
0
0
0
0
0
0
0
0
0
0
870.85
1089
1148.8
1027.6
804.9
410.17
266.4
516.39
776.51
958.56
1037.1
966.86
620.69
0
0
0
0
0
0
0
0
0
0
99.34
722.37
798.67
956.98
906.94
739.82
401.99
281.28
486.35
703.52
871.95
939.48
896.84
518.9
0
0
0
0
0
0
0
0
0
0
23.695
159.3
388.16
247.32
257.13
269.73
320.65
266.3
354.47
308.99
437.91
233.12
130.94
64.499
0
0
0
0
0
0
0
0
0
0
59.061
309.3
590.45
341.74
489.34
422.65
375.05
321.72
344.38
199.78
287.02
134.77
97.467
0
0
0
0
0
0
0
0
0
0
0
0
118.81
612.37
176.71
216.2
351.13
340.36
267.33
101.11
172.6
225.03
208.74
301.07
302.06
0
0
0
0
0
0
0
0
0
0
235.06
925.67
1130.5
1124.4
1008.7
783.01
409.33
284.35
516.42
747.29
903.45
950
873.27
623.37
0
0
0
0
0
0
0
0
0
0
235.67
830.87
1034.4
1018.7
963.11
748.42
408.8
299.92
511.83
745.65
871.85
899.48
771.65
583.61
0
0
0
0
0
0
0
0
0
0
111.86
521.41
862.06
835.61
798.28
617.05
421.42
309.5
509.96
695.15
761.58
790.7
632.67
362.97
0
0
0
0
0
0
0
0
0
0
0
33.728
79.914
163.56
170.5
158.19
206.54
217.86
248.68
183.5
127.02
73.405
30.637
36.755
0
0
0
0
0
0
0
0
0
0
364.22
764.8
1230.9
1210.9
1062.4
515.88
418.25
404.8
305.2
138.49
112.59
33.24
19.355
0
0
0
0
0
0
0
0
0
0
0
69.363
112.13
196.02
191.9
229.76
209.07
300.7
255.11
275.89
199.14
95.999
60.548
74.787
73.314
24.47
0
0
0
0
0
0
0
0
0
0
375.04
205.45
242.17
674.43
902.86
314.7
377.44
503.79
627.89
363.16
342.92
289.53
0
0
0
0
0
0
0
0
0
0
0
353.75
824.49
1031.6
1049
926.37
746.94
414.92
315.12
523.22
738.7
888.58
1004.9
924.84
705.38
279.62
0
0
0
0
0
0
0
0
0
359.64
737.45
908.82
939.85
872.27
712.93
425.73
333.48
518.86
684.13
773.42
800.18
698.96
527.08
221.51
0
0
0
0
0
0
0
0
0
420.19
804.86
1002.5
1035.8
969.59
770.25
414.49
309.36
526.97
734.49
864.79
899.83
804.72
588.46
267.39
0
0
0
0
0
0
0
0
0
70.69
156.3
313.45
391.13
420.94
463.3
384.77
376.77
401.11
394.14
326.25
281.24
265.63
188.87
37.586
0
0
0
0
0
0
0
0
0
50.005
123.56
208.78
245.07
303.58
308.13
330.46
321.57
327.3
325.69
277.24
226.46
152.99
77.875
20.374
0
0
0
0
0
0
0
0
0
301.84
120.66
104.04
177.78
97.255
57.179
260.21
375.32
448.7
476.44
558.11
493.52
517.51
531.22
40.798
0
0
0
0
0
0
0
0
0
33.697
77.492
157.01
255.61
248.4
209.84
296.78
276.24
222
183.66
224.66
169.59
128.5
118.35
34.602
0
0
0
0
0
0
0
0
0
25.308
58.219
53.38
116.95
209.01
247.53
314.46
312.17
299.42
212.3
187.91
121.81
77.298
56.998
107.38
0
0
0
0
0
0
0
0
82.16
838.8
1166.3
1278.3
1244.7
1094.8
826.68
428.25
308.88
556.09
797.32
959.72
1029.9
984.12
799.79
432.16
0
0
0
0
0
0
0
0
90.581
880.29
1122.2
1205.4
1180.7
978.14
762.6
417.35
329.43
535.22
716.41
726.8
697.75
682.24
499.5
232.31
0
0
0
0
0
0
0
0
0
80.814
92.316
30.521
44.018
55.932
221.67
402.93
400.45
536.52
764.63
937.22
1103.1
586.37
800.82
531.17
0
0
0
0
0
0
0
0
0
166.73
164.32
545.74
770.97
647.99
693.98
462.32
401.6
575.05
681.8
710.71
245
144.17
203.39
0
0
0
0
0
0
0
0
0
0
59.138
257.65
239.95
573.43
581
641.74
458.32
365.73
562.01
805.35
759.62
1037
1088.4
927.87
591.3
0
0
0
0
0
0
0
0
0
0
25.431
121.02
163.87
223.36
278.51
298.58
314.04
327.78
276.49
262.97
253.54
222.93
102.01
92.522
0
0
0
0
0
0
0
0
124.39
170.54
68.783
32.928
46.685
58.772
67.899
276.8
385.94
464.11
774.09
1053.4
1129.3
924.21
428.58
441.34
0
0
0
0
0
0
0
0
0
54.569
107.12
130.59
213.3
308.24
299.21
331.77
342.23
293.62
222.99
177.36
136.23
82.596
53.418
16.878
0
0
0
0
0
0
0
0
127.65
296.93
130.38
158.01
776.06
361.05
340.01
175.88
75.606
316.54
588.84
352.49
500.98
263.81
114.27
33.052
0
0
0
0
0
0
0
0
146.63
114.98
91.571
42.936
192.59
57.331
153.85
360.53
384.81
428.88
718.54
735.11
539.77
174.87
304.3
503.69
217.74
0
0
0
0
0
0
0
25.132
45.576
96.963
178.45
254.07
346.79
266.66
333.4
354.82
273.41
333.39
300
288.39
160.71
74.721
0
0
0
0
0
0
0
0
0
191.99
201.04
696.48
602.64
689.61
598.28
683.82
453.73
406.65
523.83
603.06
595.21
776.64
471.16
233.68
232.95
106.57
0
0
0
0
0
0
0
72.226
442.13
746.03
742.44
494.43
366.04
440.22
404.93
381.38
415.39
554.77
735.68
686.94
618.64
626.64
466.36
216.78
0
0
0
0
0
0
0
122.72
299.63
492.15
478.29
522.46
422.29
334.74
371.57
286.14
241.41
169.35
160.87
104.53
50.903
17.717
0
0
0
0
0
0
0
0
0
341.7
828.16
959.12
1095.4
1081.2
970.84
759.78
448.55
364.66
550.56
729.36
845.76
887.66
828.89
694.19
484.91
188.32
0
0
0
0
0
0
0
291.8
590.26
853.98
955.21
936.39
770.31
631.08
456.02
398.84
520.84
632.24
670.62
580.19
588.74
394.75
326.36
155.95
0
0
0
0
0
0
0
170.24
229.86
333.26
196.02
324.29
278.8
303.25
367.31
373.15
432.35
545.01
555.67
606.3
773.57
803.65
718
284.5
0
0
0
0
0
0
0
452.24
982.13
1198.1
1281.2
1234.5
1084.1
824.97
442.62
324.33
562.79
800.26
960.51
1036.9
1011.7
865.67
627.15
258.56
0
0
0
0
0
0
0
413.43
859.17
1055
1156.9
1131.6
1017
785.51
436.01
329.54
547.4
780.58
945.73
1034.1
1024.1
896.86
678.67
332.38
0
0
0
0
0
0
0
525.61
1055.7
1241.8
1313.8
1249.2
1083.4
825.53
447.35
327.19
566.27
805.44
971.04
1054
1048.8
938.44
710.8
337.93
0
0
0
0
0
0
32.583
583.35
1103.9
1291
1357.2
1295.9
1129.8
860.27
461.73
334.16
572.39
815.96
981.96
1058.6
1038.2
915.24
683.21
291.91
0
0
0
0
0
0
34.409
594.08
1097.6
1276.3
1340.8
1279.7
1114.8
848
459.44
331.95
575.26
824.64
999.19
1088.2
1077.8
957.65
737.12
357.37
0
0
0
0
0
0
35.499
580.43
1069.2
1246.8
1316.7
1258.1
1097.7
834.5
454.74
328.1
569.53
814.64
994.09
1098.9
1097.2
1000.6
790.5
422.94
0
0
0
0
0
0
34.356
495.34
918.17
1099
1161.3
1134.9
1009.8
779.33
445.19
334.71
543.32
761.43
919.08
981.33
971.73
854.24
649.97
322.65
0
0
0
0
0
0
42.223
457.5
658.25
970.66
646.64
663.58
717.22
737
477.95
359.11
572.65
646.8
794.23
446.49
261.34
148.65
69.755
35.082
0
0
0
0
0
0
33.98
57.02
227.49
257.3
492.71
886.28
750.07
656.5
480.88
415.65
459.95
624.74
725.16
584.56
212.31
136.26
235.9
23.685
0
0
0
0
0
0
47.69
647.14
1145.9
1284.9
1378.2
1202.5
1052.9
820
419.6
413.86
406.57
334.06
435.08
407.66
167.12
222.71
52.665
13.169
0
0
0
0
0
0
0
0
44.195
333.9
246.17
175.36
376.52
122.32
327.61
429.25
541.74
843.46
681.16
819.09
762.33
865.32
678.11
365.14
0
0
0
0
0
0
48.626
520.52
916.09
1097.2
1251.3
1218.2
1053.7
873.14
440.86
429.65
464.6
491.94
459.57
395.31
325.36
204.72
172.8
124.25
0
0
0
0
0
0
58.339
658.95
1121.5
1320.1
1356.1
1301.8
1141.8
894.74
433.34
427.06
450.55
400.7
351.16
299.81
186.74
128.92
66.109
35.21
0
0
0
0
0
0
60.271
768.57
1173.5
1373.9
1384.7
1237.7
1023
993.2
355.64
404.24
468.16
442.85
333.96
311.99
256.6
158.9
72.128
38.02
0
0
0
0
0
0
0
0
63.771
87.642
151.49
200.67
228.5
246.83
271.72
222.85
224.85
288.23
300.49
235.29
250.19
180.82
61.996
17.164
0
0
0
0
0
0
0
39.009
85.997
134.43
191.47
232.65
274.37
294.62
311.88
309.55
312.11
292.23
275.33
247.66
186.4
133.29
71.728
25.459
0
0
0
0
0
0
0
21.862
75.561
49.044
125.17
124.14
320.46
442.4
448.63
433.02
478.31
488.78
591.78
813.12
639
771.09
742.74
415.19
139.88
0
0
0
0
0
57.109
468.9
818.27
1124.7
1199.3
1104.1
940.28
744.67
490.03
406.58
558.2
696.09
772.1
861.24
828.41
704.2
586.4
236.46
37.157
0
0
0
0
0
54.991
190.48
888.63
1021.4
1311.9
1076.1
959.12
708.24
456.08
369.62
271.85
253.69
196.55
182.05
65.008
21.819
10.802
0
0
0
0
0
0
0
62.793
778.71
994.4
996.37
986.43
784.01
725.68
361.43
339.94
314.06
503.44
440.47
470.2
464.7
278.25
89.351
54.354
0
0
0
0
0
0
0
73.168
608.19
965.36
1162
1247.8
1203.1
1063.5
826.31
480.33
339.77
548.37
769.89
919.87
990.26
963.28
837.1
643.58
407.85
134.65
0
0
0
0
0
77.476
628.18
975.36
1156.4
1220.3
1172.8
1052.1
814.9
478.97
336.66
547.14
762.07
907.54
972.15
958.75
819.47
584.53
353.23
121.48
0
0
0
0
0
85.341
697.17
1023.6
1198.6
1260.3
1209.1
1064.6
820.67
480.02
335.21
548.7
777.25
935.47
1025.2
1022.9
924.67
730.04
461.25
146.45
0
0
0
0
0
97.203
840.23
1201.9
1376.4
1444.5
1359.1
1107.4
884.84
461.23
433.45
498.77
531.46
574.34
580.66
538.94
449.97
288.09
160.07
56.377
0
0
0
0
0
28.904
57.821
129.76
255.21
455.68
453.73
472.07
463.5
428.7
399.24
436.56
394.22
422.32
407.41
283.16
164.09
59.018
12.917
0
0
0
0
0
0
27.438
128.38
88.508
43.796
45.285
162.94
188.65
163.09
324.49
243.63
402.52
613.6
630.13
335.74
184.25
140.62
63.063
90.222
20.117
0
0
0
0
0
104.44
739.04
1141.9
1200
1118.6
1013.2
967.72
742.16
501.19
422.37
534.48
683.7
783.73
676.41
538.97
329.99
217.79
89.714
22.52
0
0
0
0
0
41.304
250.47
437.56
417.48
516.78
519.49
413.37
521.51
436.32
401.73
541.9
596.12
710.06
906.98
896.96
752.11
640.08
432.86
167.24
0
0
0
0
0
18.223
28.96
106.79
120.69
237.73
241.88
185.93
260.4
207.39
268.31
359.54
384.39
251.5
326.56
179.2
164.09
96.773
31.447
32.648
0
0
0
0
0
0
36.745
80.497
120.15
156.74
198.87
230.05
257.54
256.13
272.7
258.9
256.48
245.94
208.34
159.37
114.19
70.807
27.626
0
0
0
0
0
0
0
48.343
116.62
212.55
317.26
340.25
338.89
384.02
365.67
343.93
385
292.77
278.35
134.92
73.31
22.394
11.985
0
0
0
0
0
0
0
78.999
609.73
941.2
1144.7
1245.4
1212.1
1067.1
826.96
494.05
323.87
532.07
744.8
893.8
932
906.76
761.11
552.19
313.25
105.9
0
0
0
0
0
76.533
583.01
891.69
1096.7
1195.6
1156.6
1047.1
814.87
492.62
335.2
535.17
747.43
897.97
965.45
926.76
823.68
589.22
361.75
141.58
0
0
0
0
0
69.03
519.54
748.33
931.47
980.3
1012
969.82
784.49
501.25
351.95
536.21
749.24
888.5
979.65
947.3
860.67
734.44
482.79
173.24
0
0
0
0
0
45.839
78.722
273.39
114.14
187.48
290.06
131.32
94.544
326.63
292.77
343.39
302.98
376.72
343.59
194.67
312.07
118.39
64.634
81.531
0
0
0
0
0
20.509
45.601
112.95
115.84
131.6
214.98
289.84
318.7
293.28
286.29
255.81
205.14
212.72
144.76
125.13
115.38
33.835
16.934
0
0
0
0
0
0
0
0
0
24.889
37.728
89.875
666.07
385.17
502.83
415.79
529.09
872.07
302.72
652.95
244.14
517.31
319.6
0
0
0
0
0
0
0
84.184
726.25
1106.7
1283.8
1350.2
1293.7
1142
883.82
526.27
332.21
553.55
795.64
973.06
1068
1065.5
963.87
755.8
482.3
173.22
0
0
0
0
0
64.775
558.03
819.39
1046.7
1180.9
1180.2
1052.5
824.38
512.98
346.32
535.12
734.62
876.55
912.01
903
787.14
657.67
425.12
149.2
0
0
0
0
0
63.184
568.1
878.18
1087
1192.2
1173.5
1056.5
832.02
506.77
334.38
533.09
755.59
909.03
974.58
945.88
824.39
605.15
374.06
148.15
0
0
0
0
0
39.175
167.57
377.85
413.19
602.41
813.56
850.13
670.39
511.32
411.06
525.42
632.38
610.37
947.54
1074.7
946.87
778.5
514.19
181.12
0
0
0
0
0
67.636
297.46
89.481
57.92
96.071
262.41
1107.1
953.77
530.04
353.93
567.03
528.11
173.98
515.07
1034.7
603.25
384.64
434.39
192.65
0
0
0
0
0
16.571
33.893
112.15
192.01
273.36
404.38
496.6
428.64
415.37
345.01
361.66
328.33
347.73
239.64
216.73
143.27
39.409
0
0
0
0
0
0
0
58.855
581.03
1087.7
1279.3
1138.1
1268.4
1084.4
938.3
287.47
207.41
344.44
317.36
432.91
317.9
272.56
260.24
516.26
415.73
192.48
0
0
0
0
0
21.831
110.58
323.53
226.45
284.37
384.93
448.12
435.27
424
382.17
425.12
344.73
324.96
254.85
227.71
172.85
36.372
11.714
0
0
0
0
0
0
22.183
124.75
175.69
399.17
317.99
400.57
686.34
566.29
465.85
425.25
497.74
529.12
490.62
494.15
287.18
204.01
121.19
144.35
22.83
0
0
0
0
0
16.854
188.52
332.66
521.52
508.31
655.52
542.47
510.45
498.21
413.48
473.58
572.44
596.26
597.59
716.1
835.93
717.06
467.01
193.4
0
0
0
0
0
52.031
681.33
1130.5
1324.6
1383.9
1333.6
1176.4
916.84
555.06
338.18
563.39
813.23
997.08
1093.7
1100.4
999.29
800.31
490.68
131.39
0
0
0
0
0
0
0
19.427
32.36
48.407
63.718
84.09
92.72
94.775
98.314
103.34
95.524
80.78
67.562
52.074
36.683
18.475
0
0
0
0
0
0
0
0
37.1
56.217
100.56
146.86
164.67
267.59
271.83
307.74
250.59
251.31
284.48
213.66
129.22
96.043
49.376
45.055
9.5029
0
0
0
0
0
0
37.333
504.56
1010.2
1212.5
1355.5
1315
1169.5
895.41
456.77
403.91
422.83
464.32
460.66
408.66
291.02
289.74
176.17
62.082
0
0
0
0
0
0
0
46.114
103.42
122.77
136.83
235.79
228.08
321.24
323.12
260.72
319.81
256.38
245.67
180.83
169.79
162.16
72.697
23.373
0
0
0
0
0
0
28.285
441.87
897.34
1103.5
1150.4
998.01
984.44
782.75
511.15
341.44
513.93
668.26
821.47
829.41
822.93
802.38
643.72
375.32
0
0
0
0
0
0
21.862
165.16
381.05
695.01
793.26
823.9
875.52
763.15
517.02
357.42
525.85
693.48
777.58
876.24
941.5
814.16
754.06
468.81
0
0
0
0
0
0
25.9
319.15
654.66
828.32
927.54
930.34
873.76
759.4
515.07
373.51
521.48
721.64
915.84
936.47
985.45
813.99
687.26
376.38
0
0
0
0
0
0
15.352
69.378
129.58
168.53
287.85
377.95
454.78
472.56
434.35
401.14
406.14
437.19
402.51
317.18
267.58
130.51
57.497
13.991
0
0
0
0
0
0
25.008
437.88
822.89
79.008
39.151
523.41
368.05
567.86
422.9
203.78
80.53
217.28
778.36
1095.7
1085.6
1014.9
788.98
435.5
22.269
0
0
0
0
0
0
382.82
919.03
1151.4
1242.5
1204.4
1074.8
848.54
515.81
306.78
517.66
765.04
947.5
1045.9
1055.7
957.08
765.51
425.02
0
0
0
0
0
0
0
240.87
371.78
380.36
626.92
653.32
526.31
684.84
505.29
393.13
486.67
637.78
549.31
394.2
421.41
361.89
113.79
21.778
0
0
0
0
0
0
0
280.16
628.65
795.79
902.23
946.7
874.6
774.17
513.31
371.98
504.26
705.05
781.83
882.06
765.83
428.76
250.78
40.908
0
0
0
0
0
0
0
271.67
650.37
783.97
869.55
930.06
879.11
754.62
502.92
349.42
497.71
664.96
764
797.67
870.25
728.9
583.72
277.86
0
0
0
0
0
0
0
229
637.87
823.23
886.86
943.89
898.96
746.98
496.88
336.07
502.15
667.91
752.49
786.65
801.3
805.51
574.77
282.34
0
0
0
0
0
0
0
259.37
754.63
872.89
931.55
981.95
943.66
768.26
510.46
320.37
498.77
694.05
826.28
932.25
919.39
871.58
703.71
336.99
0
0
0
0
0
0
0
222.99
665.35
814.36
1009.6
976.42
971.74
766.22
500.05
356.83
497.06
674.98
802.85
915.75
935.15
751.77
621.44
282.1
0
0
0
0
0
0
0
36.614
74.582
187.26
283.11
351.19
440.77
435.6
419.84
376.24
404.77
376.67
408.96
377.11
333.94
203.86
105.92
26.961
0
0
0
0
0
0
0
32.695
78.828
180.6
373.3
412.04
433.99
418.07
392.78
356.59
379.37
375.49
338.91
300.53
215.64
131.57
82.559
26.741
0
0
0
0
0
0
0
25.781
90.976
184.82
278.25
356.15
439.29
446.97
390.83
356.18
378.3
385.47
396.65
307.13
214.08
142.2
66.696
19.602
0
0
0
0
0
0
0
31.205
123.46
201.91
353.78
413.97
467.56
467.17
395.34
357.74
349.75
329.81
297.52
280.36
242.77
132.97
63.69
16.006
0
0
0
0
0
0
0
121.23
452.79
621.29
758.7
805.04
762.28
653.91
485.89
379.52
483.07
597.8
658.73
668.87
606.17
388.17
235.12
113.42
0
0
0
0
0
0
0
17.805
66.338
124.53
193.47
244.52
292.7
306.33
330.55
333.87
337.12
334.81
321.56
284.52
232.06
153.71
75.187
23.622
0
0
0
0
0
0
0
123.85
770.95
1019.3
1127
1132.3
1010.4
794.91
491.09
304.15
497.48
717.73
848.52
924.88
901.12
764.91
572.98
185.53
0
0
0
0
0
0
0
140.71
901.33
1175.8
1284.1
1265.5
1126.4
884.24
520.01
301.51
528.3
788.1
977.67
1084.6
1082.6
959.54
724.37
274.43
0
0
0
0
0
0
0
24.192
195.57
97.52
121.64
218.33
116.44
427.99
460.3
401.1
482.15
835.15
831.04
802.97
873.38
902.29
668.46
229.61
0
0
0
0
0
0
0
105.36
843
1134.7
1246.4
1230.6
1095.4
858.22
504.74
296.53
507.26
740.09
910.37
996.49
963.59
849.55
612.91
198.67
0
0
0
0
0
0
0
0
55.052
101.01
148.04
199.5
249.24
266.96
314.27
274.29
253.53
266.04
232.23
155.25
95.423
62.306
18.087
0
0
0
0
0
0
0
0
18.597
263.12
739.28
1014.4
1182.5
743.77
801.4
443.43
260.12
325.94
285.8
423.46
248.87
923.9
977.04
678.46
0
0
0
0
0
0
0
0
19.836
148.8
336.37
465.6
475.92
463.79
491.32
435.57
377.71
394.71
537.85
416.78
345.2
185.9
87.163
36.994
0
0
0
0
0
0
0
0
0
54.429
151.87
244.48
292.94
332.71
354.74
353.15
354.07
368.59
377.96
324.13
273.68
164.04
92.525
29.142
0
0
0
0
0
0
0
0
0
59.874
96.13
122.97
213.44
263.99
273.24
342.45
334.28
361.01
338.49
253.35
186.86
118.61
66.038
20.667
0
0
0
0
0
0
0
0
0
37.546
258.24
261.92
444.32
443.32
437.4
459.16
374.41
499.36
814.97
947.29
1064.9
935.96
615.41
409.27
0
0
0
0
0
0
0
0
0
0
56.014
99.366
124.89
155.05
167.22
153.41
162.08
167.81
170.85
175.12
145.26
104.79
59.71
25.993
0
0
0
0
0
0
0
0
0
0
43.752
57.747
88.91
112.19
126.34
136.15
168.19
177.54
153.37
154.98
115.18
73.263
34.894
12.99
0
0
0
0
0
0
0
0
0
0
40.592
61.141
78.716
106.97
125.46
158.84
155.69
156.07
150.95
130.28
95.476
49.876
24.715
0
0
0
0
0
0
0
0
0
0
31.673
47.951
142.94
206.8
287.81
339.92
362.4
267.33
263.92
322.42
341.31
245.16
160.96
115.88
87.463
0
0
0
0
0
0
0
0
0
288.22
456.66
535.35
544.53
697.41
712.37
491.26
343.89
256.04
50.944
42.11
60.127
19.525
104.24
39.582
0
0
0
0
0
0
0
0
0
318.01
863.63
1124.2
1018.2
863.77
668.3
447.33
375.47
475.11
617.13
707.61
747.86
564.68
334.54
235.68
0
0
0
0
0
0
0
0
0
320.54
489.97
681.79
786.6
832.8
729.72
456.74
303.45
484.31
681.59
791.13
853.29
898.91
599.08
322.94
0
0
0
0
0
0
0
0
0
295.3
788.93
962.4
911.89
841.94
725.6
449.58
296.74
473.06
657.03
734.78
710.12
631.86
477.47
200.15
0
0
0
0
0
0
0
0
0
214.84
410.33
651.7
726.31
765.95
602.24
439.59
344.51
440.98
530.39
501.52
497.57
413.19
275.92
101.62
0
0
0
0
0
0
0
0
0
65.188
108.1
312.96
452.31
428.66
462.34
393.99
334.84
388.58
417.64
509.04
660.13
538.38
516.91
283.6
0
0
0
0
0
0
0
0
0
72.265
301.04
342.83
373.18
320.35
346.12
281.19
330.76
345.76
260.57
215.73
94.545
77.071
41.152
0
0
0
0
0
0
0
0
0
0
130.29
804.95
634
441.23
457.83
647.63
429.03
348.5
407.17
373.37
282.48
146.38
101.51
0
0
0
0
0
0
0
0
0
0
0
84.224
211.99
354.28
525.19
442.73
537.91
417.5
340.27
456.43
615.32
746.38
782.58
721.29
574
230.49
0
0
0
0
0
0
0
0
0
186.33
902.54
989.25
985.29
947.86
756.15
423.82
287.86
477.75
687.3
848.99
930.72
778.85
517.43
0
0
0
0
0
0
0
0
0
0
133.34
599.9
764.66
816.38
798.15
653.93
423.45
325.67
457.79
592.13
663.55
681.04
549.3
382.43
0
0
0
0
0
0
0
0
0
0
157.23
925.51
1063.4
1104.2
1002.2
789.33
416.2
258.9
482.47
732.87
898.77
975.56
901.43
668.83
0
0
0
0
0
0
0
0
0
0
0
0
90.964
93.696
146.51
103.62
102.48
120.34
446.19
511.58
377.09
212.36
162.79
52.653
0
0
0
0
0
0
0
0
0
0
0
0
18.877
32.804
45.3
55.269
228.75
382.8
583.19
580.29
511.97
854.19
243.56
510.49
107.34
0
0
0
0
0
0
0
0
0
101.09
865.36
1055.9
1101.5
990.82
773.88
404.01
256.32
476.21
703.54
841.37
875.91
786.64
499.67
0
0
0
0
0
0
0
0
0
0
0
0
92.707
921.72
1025.6
278.65
356.43
320.89
443.06
356.1
515.34
310.46
55.886
59.323
0
0
0
0
0
0
0
0
0
0
0
741.71
903.77
847.25
807.1
741.81
393.33
271.6
460.64
630.02
777.5
673.13
704.03
415.4
0
0
0
0
0
0
0
0
0
0
0
643.17
986.58
1093.8
990.16
765.65
397.79
255.76
464.58
671.51
760.57
675.09
561.55
335.69
0
0
0
0
0
0
0
0
0
0
0
132.44
160.9
247.67
275.24
284.89
270.31
296.14
298.61
242.28
221.18
193.74
118.19
39.538
0
0
0
0
0
0
0
0
0
0
0
479.42
747.6
820.57
737.34
620.04
377.21
309.33
426.64
532.21
556.64
440.62
334.75
116.32
0
0
0
0
0
0
0
0
0
0
0
717.03
1109.5
1146
1014.6
774.87
376.46
244.94
484.21
731.58
900.35
941.07
850.08
441.79
0
0
0
0
0
0
0
0
0
0
0
541.41
850.7
917.93
858.33
676.03
374.37
260.44
451.42
649.67
761.94
716.06
635.44
310.8
0
0
0
0
0
0
0
0
0
0
0
474.72
740.55
1060.4
983
707.56
364.58
296.68
439.15
600.12
415.95
271.66
542.73
277.26
0
0
0
0
0
0
0
0
0
0
0
0
0
25.917
39.002
66.417
101.73
101.63
439.65
566.58
631.04
608.73
499.48
228.65
0
0
0
0
0
0
0
0
0
0
0
18.943
50.235
86.296
117.86
149.25
166.98
177.67
145.94
155.67
129.31
106.7
52.699
19.605
0
0
0
0
0
0
0
0
0
0
0
206.09
72.413
163.57
192.71
223.95
118.56
195.45
205.46
323.15
307.01
260.99
78.976
87.459
0
0
0
0
0
0
0
0
0
0
0
85.013
337.97
521.96
510.48
300.82
298.59
248.06
274.17
321.04
192.22
61.038
16.279
0
0
0
0
0
0
0
0
0
0
0
0
27.673
0
242.37
149.64
252.23
293.05
282.17
349.13
227.38
308.71
329.03
236.04
0
0
0
0
0
0
0
0
0
0
0
0
266.49
403.2
328.05
265.53
249.91
327.34
317.74
421.91
635.87
783.05
941.03
875.33
19.44
0
0
0
0
0
0
0
0
0
0
0
96.181
110.41
92.203
166.57
243.46
210.67
232.42
151.6
144.31
143.95
115.47
88.937
0
0
0
0
0
0
0
0
0
0
0
0
159.86
392.93
454.14
396.73
424.44
324.85
279.46
301.04
255.2
231.32
145.12
61.025
0
0
0
0
0
0
0
0
0
0
0
0
0
24.01
92.054
108.22
99.82
56.534
83.974
459.42
645.01
809.95
844.92
640.96
0
0
0
0
0
0
0
0
0
0
0
0
0
0
23.023
35.476
45.389
74.208
89.394
410
425.47
389.03
305.47
174.13
0
0
0
0
0
0
0
0
0
0
0
0
256.22
976.95
1039.5
947.85
724.54
311.84
229.55
476.83
721.54
866.4
884.56
632.06
0
0
0
0
0
0
0
0
0
0
0
0
100.56
193.73
384.51
278.41
525.79
332.46
293.97
442.41
572.97
470.74
311.09
191.09
0
0
0
0
0
0
0
0
0
0
0
0
0
69.397
126.83
160.16
191.04
196.96
197.27
197.29
169.05
120.33
80.942
31.071
0
0
0
0
0
0
0
0
0
0
0
0
51.98
188.41
304.72
321.35
360.36
292.22
270.19
282.49
313.74
297.65
268.99
75.216
0
0
0
0
0
0
0
0
0
0
0
0
0
745.36
821.39
832.84
622.09
296.82
251.03
414.76
630.6
712.94
665.97
370.41
0
0
0
0
0
0
0
0
0
0
0
0
0
559.11
702.33
668.47
530.31
289.76
264.5
385.2
478.91
487.25
465.15
241.96
0
0
0
0
0
0
0
0
0
0
0
0
0
45.756
154.07
157.23
325.65
233.87
256.51
264.71
380.1
361.85
509.4
400.38
0
0
0
0
0
0
0
0
0
0
0
0
0
131.32
96.49
108.08
219.35
291.7
265.32
437.58
540.49
699.41
597.08
379.51
0
0
0
0
0
0
0
0
0
0
0
0
0
233.58
143.08
326.06
462.24
286.14
270.46
327.81
471.35
792.49
859.27
448.64
0
0
0
0
0
0
0
0
0
0
0
0
0
727.58
989.9
900.75
678.13
268.18
216.62
464.31
713.5
833.22
822.88
396.39
0
0
0
0
0
0
0
0
0
0
0
0
0
0
0
28.424
38.107
44.729
54.004
380.36
492.35
528.73
500.86
196.64
0
0
0
0
0
0
0
0
0
0
0
0
0
460.54
885.64
799.38
636.16
271.98
221.66
424.47
567.76
659.59
618.67
12.345
0
0
0
0
0
0
0
0
0
0
0
0
0
405.45
676.33
720.21
520.97
259.67
233.13
395.29
541.73
784.46
715.14
20.028
0
0
0
0
0
0
0
0
0
0
0
0
0
22.856
78.835
173.99
206.82
179.65
204.89
328.57
253.91
278.85
113.24
0
0
0
0
0
0
0
0
0
0
0
0
0
0
0
50.23
93.024
481.79
249.73
245.11
304.89
415.23
317.08
248.86
0
0
0
0
0
0
0
0
0
0
0
0
0
0
434.51
627.41
662.14
413.98
258.48
252.32
294.37
321.63
213.84
83.473
0
0
0
0
0
0
0
0
0
0
0
0
0
0
294.09
609.41
779.91
601.29
252.27
207.25
415.46
591.43
768.96
717.81
0
0
0
0
0
0
0
0
0
0
0
0
0
0
215.41
357.92
387.99
402.77
251.79
241.03
364.46
561.82
614.99
523.08
0
0
0
0
0
0
0
0
0
0
0
0
0
0
331.39
679.52
813.48
500.85
242.26
240.05
427.16
486.32
549.8
282.94
0
0
0
0
0
0
0
0
0
0
0
0
0
0
0
57.281
88.023
121.07
125.01
129.86
86.492
76.46
54.061
22.961
0
0
0
0
0
0
0
0
0
0
0
0
0
0
57.684
214.22
309.49
313.53
217.88
201.96
212.58
179.48
117.08
42.37
0
0
0
0
0
0
0
0
0
0
0
0
0
0
297.46
957.11
905.94
672.75
238.17
218.52
473.4
689.4
767.12
546.3
0
0
0
0
0
0
0
0
0
0
0
0
0
0
135.56
511.55
519.5
416.09
210.73
205.92
344
367.84
357.08
222.9
0
0
0
0
0
0
0
0
0
0
0
0
0
0
244.59
914.72
701.1
234.49
178.4
127.61
74.055
61.996
300.23
246.58
0
0
0
0
0
0
0
0
0
0
0
0
0
0
0
34.001
157.68
208.06
187.19
242.22
478.43
681.89
735.18
369.33
0
0
0
0
0
0
0
0
0
0
0
0
0
0
0
44.789
93.944
103.16
122.26
103.86
121.27
66.891
42.123
11.606
0
0
0
0
0
0
0
0
0
0
0
0
0
0
0
45.624
0
82.868
98.3
209.42
421.7
556.12
595.27
331.77
0
0
0
0
0
0
0
0
0
0
0
0
0
0
0
102.42
48.699
337.86
208.66
207.37
273.76
156.22
0
0
0
0
0
0
0
0
0
0
0
0
0
0
0
0
0
0
36.443
24.075
58.222
71.346
402.19
579.82
640.06
288.64
0
0
0
0
0
0
0
0
0
0
0
0
0
0
0
19.254
0
90.589
90.123
83.019
349.27
534.51
535.83
0
0
0
0
0
0
0
0
0
0
0
0
0
0
0
0
0
0
22.692
26.093
26.526
275.9
324.93
289.94
0
0
0
0
0
0
0
0
0
0
0
0
0
0
0
0
0
24.447
44.661
63.633
36.566
354.25
533.68
492.45
0
0
0
0
0
0
0
0
0
0
0
0
0
0
0
0
21.077
57.58
86.445
100.16
100.45
88.899
66.804
33.871
0
0
0
0
0
0
0
0
0
0
0
0
0
0
0
0
203.49
115.28
299.48
173.23
204.83
429.28
602.9
503.39
0
0
0
0
0
0
0
0
0
0
0
0
0
0
0
0
0
31.391
48.638
54.812
58.17
47.92
34.061
11.976
0
0
0
0
0
0
0
0
0
0
0
0
0
0
0
0
213.03
450.21
354.68
156.29
161.38
211.77
198.33
131.32
0
0
0
0
0
0
0
0
0
0
0
0
0
0
0
0
98.434
266.03
317
161.43
189.73
184
42.484
0
0
0
0
0
0
0
0
0
0
0
0
0
0
0
0
0
0
0
25.528
32.752
31.095
24.785
15.466
0
0
0
0
0
0
0
0
0
0
0
0
0
0
0
0
0
0
0
25.099
20.449
27.886
274.26
361.41
303.08
0
0
0
0
0
0
0
0
0
0
0
0
0
0
0
0
0
49.205
75.045
83.598
83.2
59.747
32.428
12.045
0
0
0
0
0
0
0
0
0
0
0
0
0
0
0
0
90.451
201.68
212.39
139.03
147.45
142.82
125.64
125.05
0
0
0
0
0
0
0
0
0
0
0
0
0
0
0
0
0
34.496
126.66
139.09
145.18
264.04
27.713
0
0
0
0
0
0
0
0
0
0
0
0
0
0
0
0
0
103.86
403.81
363.01
135.41
147.74
318.73
442.81
303.1
0
0
0
0
0
0
0
0
0
0
0
0
0
0
0
0
18.459
59.222
89.235
97.461
83.099
57.707
0
0
0
0
0
0
0
0
0
0
0
0
0
0
0
0
0
0
0
22.138
39.081
52.903
53.911
45.449
28.253
0
0
0
0
0
0
0
0
0
0
0
0
0
0
0
0
0
0
0
20.698
26.496
26.636
21.771
0
0
0
0
0
0
0
0
0
0
0
0
0
0
0
0
0
0
0
0
35.86
73.11
105.56
221.46
339.07
157.48
0
0
0
0
0
0
0
0
0
0
0
0
0
0
0
0
0
176.53
351.63
126.07
146.71
266.5
185.25
0
0
0
0
0
0
0
0
0
0
0
0
0
0
0
0
0
0
34.627
112.95
92.669
121.98
104.7
208.09
0
0
0
0
0
0
0
0
0
0
0
0
0
0
0
0
0
0
263.33
325.02
115.15
122.19
254.72
348.64
0
0
0
0
0
0
0
0
0
0
0
0
0
0
0
0
0
0
192.43
130.61
92.143
29.998
232.18
27.385
0
0
0
0
0
0
0
0
0
0
0
0
0
0
0
0
0
0
255.33
286.13
131.82
132.72
294.8
370.36
0
0
0
0
0
0
0
0
0
0
0
0
0
0
0
0
0
0
83.782
168.82
111.64
125.16
200.19
110.36
0
0
0
0
0
0
0
0
0
0
0
0
0
0
0
0
0
0
92.64
62.058
68.878
58.537
43.632
20.26
0
0
0
0
0
0
0
0
0
0
0
0
0
0
0
0
0
0
126.49
138.12
95.798
88.402
67.676
34.01
0
0
0
0
0
0
0
0
0
0
0
0
0
0
0
0
0
0
165.11
230.73
91.591
101.77
144.03
88.203
0
0
0
0
0
0
0
0
0
0
0
0
0
0
0
0
0
0
26.409
48.894
63.383
77.042
76.838
28.023
0
0
0
0
0
0
0
0
0
0
0
0
0
0
0
0
0
0
21.224
73.531
39.211
66.834
122.18
210.44
0
0
0
0
0
0
0
0
0
0
0
0
0
0
0
0
0
0
0
0
14.235
14.809
0
0
0
0
0
0
0
0
0
0
0
0
0
0
0
0
0
0
0
0
63.7
68.766
95.823
103.74
285.69
297.67
0
0
0
0
0
0
0
0
0
0
0
0
0
0
0
0
0
0
54.111
151.46
85.18
97.284
174.45
133.85
0
0
0
0
0
0
0
0
0
0
0
0
0
0
0
0
0
0
0
19.299
38.565
46.756
27.244
11.158
0
0
0
0
0
0
0
0
0
0
0
0
0
0
0
0
0
0
0
0
19.474
21.166
13.879
0
0
0
0
0
0
0
0
0
0
0
0
0
0
0
0
0
0
0
0
23.959
33.662
30.623
31.2
0
0
0
0
0
0
0
0
0
0
0
0
0
0
0
0
0
0
0
0
26.686
30.968
35.284
23.555
0
0
0
0
0
0
0
0
0
0
0
0
0
0
0
0
0
0
0
0
24.196
37.515
31.02
16.228
0
0
0
0
0
0
0
0
0
0
0
0
0
0
0
0
0
0
0
0
19.268
55.748
40.504
32.739
22.531
0
0
0
0
0
0
0
0
0
0
0
0
0
0
0
0
0
0
0
0
0
0
162.84
17.833
0
0
0
0
0
0
0
0
0
0
0
0
0
0
0
0
0
0
0
75.63
51.157
48.756
13.565
0
0
0
0
0
0
0
0
0
0
0
0
0
0
0
0
0
0
0
0
0
15.283
62.511
203.68
27.91
0
0
0
0
0
0
0
0
0
0
0
0
0
0
0
0
0
0
0
68.156
69.383
74.744
205.15
0
0
0
0
0
0
0
0
0
0
0
0
0
0
0
0
0
0
0
0
77.912
54.648
40.642
58.209
0
0
0
0
0
0
0
0
0
0
0
0
0
0
0
0
0
0
0
0
22.604
32.297
38.447
64.656
0
0
0
0
0
0
0
0
0
0
0
0
0
0
0
0
0
0
0
0
18.596
32.732
27.008
19.845
0
0
0
0
0
0
0
0
0
0
0
0
0
0
0
0
0
0
0
0
17.44
26.758
27.765
22.011
0
0
0
0
0
0
0
0
0
0
0
0
0
0
0
0
0
0
0
0
0
49.001
71.004
95.282
0
0
0
0
0
0
0
0
0
0
0
0
0
0
0
0
0
0
0
0
40.306
64.682
51.299
17.328
0
0
0
0
0
0
0
0
0
0
0
0
0
0
0
0
0
0
0
0
39.895
57.926
48.61
36.384
0
0
0
0
0
0
0
0
0
0
0
0
0
0
0
0
0
0
0
0
40.947
52.412
60.329
121.74
0
0
0
0
0
0
0
0
0
0
0
0
0
0
0
0
0
0
0
0
23.738
45.63
23.709
25.272
0
0
0
0
0
0
0
0
0
0
0
0
0
0
0
0
0
0
0
0
36.995
37.981
49.66
137.65
0
0
0
0
0
0
0
0
0
0
0
0
0
0
0
0
0
0
0
0
9.7869
16.864
25.91
17.928
0
0
0
0
0
0
0
0
0
0
0
0
0
0
0
0
0
0
0
0
22.762
37.016
49.377
132.57
0
0
0
0
0
0
0
0
0
0
0
0
0
0
0
0
0
0
0
0
25.043
49.38
58.684
104.61
0
0
0
0
0
0
0
0
0
0
0
0
0
0
0
0
0
0
0
0
0
22.515
28.014
16.123
0
0
0
0
0
0
0
0
0
0
0
0
0
0
0
0
0
0
0
0
0
0
0
0
0
0
0
0
0
0
0
0
0
0
0
0
0
0
0
0
0
0
0
0
0
29.022
54.907
79.072
0
0
0
0
0
0
0
0
0
0
0
0
0
0
0
0
0
0
0
0
0
42.574
49.931
86.59
0
0
0
0
0
0
0
0
0
0
0
0
0
0
0
0
0
0
0
0
0
0
0
94.219
0
0
0
0
0
0
0
0
0
0
0
0
0
0
0
0
0
0
0
0
11.786
33.209
51.008
10.766
0
0
0
0
0
0
0
0
0
0
0
0
0
0
0
0
0
0
0
0
0
34.703
41.65
55.713
0
0
0
0
0
0
0
0
0
0
0
0
0
0
0
0
0
0
0
0
0
38.087
46.261
80.221
0
0
0
0
0
0
0
0
0
0
0
0
0
0
0
0
0
0
0
0
0
39.334
49.321
0
0
0
0
0
0
0
0
0
0
0
0
0
0
0
0
0
0
0
0
0
0
33.655
21.005
25.853
0
0
0
0
0
0
0
0
0
0
0
0
0
0
0
0
0
0
0
0
0
36.599
43.262
78.193
0
0
0
0
0
0
0
0
0
0
0
0
0
0
0
0
0
0
0
0
0
36.427
42.629
77.025
0
0
0
0
0
0
0
0
0
0
0
0
0
0
0
0
0
0
0
0
0
0
0
0
0
0
0
0
0
0
0
0
0
0
0
0
0
0
0
0
0
0
0
0
0
0
0
0
0
0
0
0
0
0
0
0
0
0
0
0
0
0
0
0
0
0
0
0
0
0
0
0
0
0
0
0
0
0
0
0
0
0
0
0
0
0
0
0
0
0
0
0
0
0
0
0
0
0
0
0
0
0
0
0
0
0
0
0
0
0
0
0
0
0
0
0
0
21.549
35.592
14.685
0
0
0
0
0
0
0
0
0
0
0
0
0
0
0
0
0
0
0
0
0
38.297
42.158
82.194
0
0
0
0
0
0
0
0
0
0
0
0
0
0
0
0
0
0
0
0
0
39.853
43.641
88.963
0
0
0
0
0
0
0
0
0
0
0
0
0
0
0
0
0
0
0
0
0
31.028
32.228
53.025
0
0
0
0
0
0
0
0
0
0
0
0
0
0
0
0
0
0
0
0
0
31.489
35.823
81.47
0
0
0
0
0
0
0
0
0
0
0
0
0
0
0
0
0
0
0
0
0
0
0
0
0
0
0
0
0
0
0
0
0
0
0
0
0
0
0
0
0
0
0
0
0
31.479
34.476
21.25
0
0
0
0
0
0
0
0
0
0