0
0
0
0
0
0
0
0
0
0
0.1235
0.8285
0.3276
0.353
0
0
0
0
0
0
0
0
0
0
0
0
0
0
0
0
0
0
0
0
0
0.5344
0.6534
0.4319
0
0
0
0
0
0
0
0
0
0
0
0
0
0
0
0
0
0
0
0
0
0.548
0.7415
0.4071
0
0
0
0
0
0
0
0
0
0
0
0
0
0
0
0
0
0
0
0
0
0.8218
0.8167
0.5376
0
0
0
0
0
0
0
0
0
0
0
0
0
0
0
0
0
0
0
0
0
0.882
1.2815
0.8034
0
0
0
0
0
0
0
0
0
0
0
0
0
0
0
0
0
0
0
0
0
0.8112
1.0027
0.7606
0
0
0
0
0
0
0
0
0
0
0
0
0
0
0
0
0
0
0
0
0
0.4626
0.6508
0.9141
0
0
0
0
0
0
0
0
0
0
0
0
0
0
0
0
0
0
0
0
0
0.5648
1.0365
0.7852
0
0
0
0
0
0
0
0
0
0
0
0
0
0
0
0
0
0
0
0
0
0.7904
0.8793
0.7285
0
0
0
0
0
0
0
0
0
0
0
0
0
0
0
0
0
0
0
0
0.1899
0.7039
0.9765
0.8205
0
0
0
0
0
0
0
0
0
0
0
0
0
0
0
0
0
0
0
0
0.1689
1.0906
1.4513
1.0201
0.3735
0
0
0
0
0
0
0
0
0
0
0
0
0
0
0
0
0
0
0
0.6399
0.8222
1.1051
1.2432
0.2613
0
0
0
0
0
0
0
0
0
0
0
0
0
0
0
0
0
0
0
0.4661
0
1.8825
1.1558
0.2611
0
0
0
0
0
0
0
0
0
0
0
0
0
0
0
0
0
0
0
0.2955
0.9308
1.0047
0.8328
0.2277
0
0
0
0
0
0
0
0
0
0
0
0
0
0
0
0
0
0
0
0.3379
0.5488
1.0301
0.6054
0.2456
0
0
0
0
0
0
0
0
0
0
0
0
0
0
0
0
0
0
0
0.1287
0.3128
1.119
1.365
0.5633
0
0
0
0
0
0
0
0
0
0
0
0
0
0
0
0
0
0
0
0.6321
1.0967
1.0809
1.4067
0.4122
0
0
0
0
0
0
0
0
0
0
0
0
0
0
0
0
0
0
0
0.6112
2.4402
0.8897
0.3228
0.4408
0
0
0
0
0
0
0
0
0
0
0
0
0
0
0
0
0
0
0
0.5192
1.4826
1.5001
1.1745
0.4738
0
0
0
0
0
0
0
0
0
0
0
0
0
0
0
0
0
0
0
0.5672
1.6437
2.1169
1.7617
0.7374
0
0
0
0
0
0
0
0
0
0
0
0
0
0
0
0
0
0
0
0.7387
2.1665
2.1724
1.6245
0.6258
0
0
0
0
0
0
0
0
0
0
0
0
0
0
0
0
0
0
0
0.6303
1.355
1.5629
1.3361
0.6475
0
0
0
0
0
0
0
0
0
0
0
0
0
0
0
0
0
0
0
0
0.0676
0.1666
0.1339
0
0
0
0
0
0
0
0
0
0
0
0
0
0
0
0
0
0
0
0
0.4109
1.0302
1.0666
0.8063
0.3557
0
0
0
0
0
0
0
0
0
0
0
0
0
0
0
0
0
0
0
1.3149
2.7384
2.7899
2.1545
1.0552
0
0
0
0
0
0
0
0
0
0
0
0
0
0
0
0
0
0
0
1.3939
2.8042
2.6731
2.1623
1.2515
0
0
0
0
0
0
0
0
0
0
0
0
0
0
0
0
0
0
0
1.5675
2.9361
2.7341
2.1698
1.3292
0
0
0
0
0
0
0
0
0
0
0
0
0
0
0
0
0
0
0
0.8524
1.3158
2.1506
2.3762
1.2472
0
0
0
0
0
0
0
0
0
0
0
0
0
0
0
0
0
0
0
1.4602
2.845
2.3828
2.8071
1.5042
0.2311
0
0
0
0
0
0
0
0
0
0
0
0
0
0
0
0
0
0
0.6189
0.8706
3.8905
2.6123
1.786
0.1657
0
0
0
0
0
0
0
0
0
0
0
0
0
0
0
0
0
0.1477
2.2415
2.8974
3.4237
2.8111
1.6541
0.1783
0
0
0
0
0
0
0
0
0
0
0
0
0
0
0
0
0
0
0.9749
1.2629
2.5283
1.3313
0.2451
0
0
0
0
0
0
0
0
0
0
0
0
0
0
0
0
0
0
0.311
1.752
2.3566
1.867
1.6737
0.1312
0
0
0
0
0
0
0
0
0
0
0
0
0
0
0
0
0
0
0.3091
1.6638
2.1246
2.1467
1.4752
1.3286
0.0498
0
0
0
0
0
0
0
0
0
0
0
0
0
0
0
0
0
0.3369
1.5575
2.0209
2.3981
1.9304
1.1273
0.4195
0
0
0
0
0
0
0
0
0
0
0
0
0
0
0
0
0
0.2566
0.2559
1.2249
1.0836
1.9286
1.1695
0.3303
0
0
0
0
0
0
0
0
0
0
0
0
0
0
0
0
0
0.4558
1.9638
2.3598
2.5643
2.1507
1.2577
0.5068
0
0
0
0
0
0
0
0
0
0
0
0
0
0
0
0
0
0.541
1.882
2.3401
2.6471
2.2764
1.4675
0.6235
0
0
0
0
0
0
0
0
0
0
0
0
0
0
0
0
0
0.6896
2.1503
2.3944
2.742
2.3148
1.4517
0.5528
0
0
0
0
0
0
0
0
0
0
0
0
0
0
0
0
0
0.7056
1.8046
2.2842
2.5415
2.1768
1.5197
0.6139
0
0
0
0
0
0
0
0
0
0
0
0
0
0
0
0
0
0.7457
2.0458
2.5966
2.7218
2.6773
1.8614
0.8773
0
0
0
0
0
0
0
0
0
0
0
0
0
0
0
0
0
1.0189
2.5343
3.139
2.9958
2.5548
1.8241
0.7903
0
0
0
0
0
0
0
0
0
0
0
0
0
0
0
0
0
0.6094
1.3744
2.51
2.6744
2.5021
1.934
1.2198
0
0
0
0
0
0
0
0
0
0
0
0
0
0
0
0
0
1.0324
1.982
2.7807
3.1525
3.0417
2.1512
1.204
0
0
0
0
0
0
0
0
0
0
0
0
0
0
0
0
0
1.551
0.0783
0.1463
4.1324
3.0192
2.8552
1.3548
0.2375
0
0
0
0
0
0
0
0
0
0
0
0
0
0
0
0
0.0207
1.1538
2.107
2.9232
3.7615
3.0395
0.8044
0
0
0
0
0
0
0
0
0
0
0
0
0
0
0
0
0
0.0253
0.1454
0.2396
0.2772
3.196
2.2516
1.1663
0
0
0
0
0
0
0
0
0
0
0
0
0
0
0
0
0.0758
2.2305
3.6117
1.1028
1.6122
2.7033
3.0935
1.6936
0.3596
0
0
0
0
0
0
0
0
0
0
0
0
0
0
0
0
0.8496
3.0721
4.7831
4.2475
3.6724
2.9296
1.2339
0
0
0
0
0
0
0
0
0
0
0
0
0
0
0
0
0
1.2675
2.4455
3.5076
2.7549
2.2028
1.8726
0.9387
0
0
0
0
0
0
0
0
0
0
0
0
0
0
0
0
0
1.0489
1.5315
2.7965
2.824
3.175
2.4113
1.7088
0.5913
0
0
0
0
0
0
0
0
0
0
0
0
0
0
0
0.1031
2.2769
3.1788
3.2581
4.0968
4.3693
3.2258
1.7918
0.5663
0
0
0
0
0
0
0
0
0
0
0
0
0
0
0
0.4292
1.9984
2.9417
4.1983
4.7219
4.529
3.3668
1.8506
0.6496
0
0
0
0
0
0
0
0
0
0
0
0
0
0
0
0.5997
2.4307
3.7458
4.9497
4.3053
1.9418
3.1275
1.793
0.4043
0
0
0
0
0
0
0
0
0
0
0
0
0
0
0
0.401
1.5443
2.8846
3.4786
3.7715
4.485
3.795
2.1871
0.8496
0
0
0
0
0
0
0
0
0
0
0
0
0
0
0
0.8626
3.066
4.2387
3.0169
3.8605
3.1568
3.5054
2.2151
0.0757
0
0
0
0
0
0
0
0
0
0
0
0
0
0
0
0.8709
2.8416
3.7981
4.9328
5.4158
5.0316
3.8624
2.2808
1.0538
0
0
0
0
0
0
0
0
0
0
0
0
0
0
0
0.9022
2.625
3.7713
4.978
5.4591
5.1889
3.8548
2.3023
1.0567
0
0
0
0
0
0
0
0
0
0
0
0
0
0
0
0.8132
2.3324
3.8416
4.7844
5.403
5.1599
3.994
2.5437
1.202
0
0
0
0
0
0
0
0
0
0
0
0
0
0
0
1.8528
4.2614
6.9031
10.621
11.6
12.684
10.033
5.7503
3.0018
0
0
0
0
0
0
0
0
0
0
0
0
0
0
0
2.0081
2.4696
7.4979
11.031
9.6294
9.1799
5.4575
4.1844
1.0932
0
0
0
0
0
0
0
0
0
0
0
0
0
0
0
1.6639
3.9587
6.0914
7.8924
7.3623
6.8552
5.0478
2.9824
1.3843
0
0
0
0
0
0
0
0
0
0
0
0
0
0
0
0.9654
1.8986
3.028
3.7908
3.2257
5.0201
4.2196
3.0587
1.5153
0
0
0
0
0
0
0
0
0
0
0
0
0
0
0
4.9196
8.6166
13.389
11.583
8.8793
6.8496
0.7873
1.3623
0.6952
0
0
0
0
0
0
0
0
0
0
0
0
0
0
0
4.2363
7.7578
11.9
14.626
16.526
15.355
12.773
8.2879
4.4184
0.1017
0
0
0
0
0
0
0
0
0
0
0
0
0
0.1155
5.8085
8.9491
14.351
16.03
15.071
14.514
10.076
6.2385
3.2706
0
0
0
0
0
0
0
0
0
0
0
0
0
0
0
4.5841
8.9194
10.915
14.326
18.112
18.144
12.861
8.0227
3.9956
0
0
0
0
0
0
0
0
0
0
0
0
0
0
0
0.6421
1.1634
1.9166
1.3217
1.4421
15.361
12.523
9.5782
5.2644
0.2822
0
0
0
0
0
0
0
0
0
0
0
0
0
0.5006
7.3125
10.953
15.672
18.364
19.345
17.853
13.417
9.2965
5.1884
0.3797
0
0
0
0
0
0
0
0
0
0
0
0
0
0
0.3069
9.4655
13.385
10.134
11.488
12.782
4.5993
1.722
3.1355
0.6877
0
0
0
0
0
0
0
0
0
0
0
0
0
0.8541
4.2013
6.9742
11.103
11.609
9.6532
8.4207
5.9742
3.0931
1.0484
0
0
0
0
0
0
0
0
0
0
0
0
0
0
0.8514
0.4547
9.3464
17.22
11.492
8.6377
7.0132
3.6051
3.6989
3.8478
0.7775
0
0
0
0
0
0
0
0
0
0
0
0
0
1.6193
6.5458
10.154
14.7
16.752
19.846
19.905
16.143
11.302
5.3256
1.98
0
0
0
0
0
0
0
0
0
0
0
0
0
2.1612
8.5279
11.557
16.698
16.737
15.858
15.81
11.538
6.9478
5.2981
2.164
0
0
0
0
0
0
0
0
0
0
0
0
0
2.1354
8.596
11.252
15.229
16.017
18.672
17.955
16.633
12.447
7.1187
2.9872
0
0
0
0
0
0
0
0
0
0
0
0
0
2.198
6.2281
11.2
15.142
17.054
23.316
15.996
7.7057
0.8956
5.0675
2.4022
0
0
0
0
0
0
0
0
0
0
0
0
0
2.5935
8.7569
15.029
20.169
17.487
13.022
15.667
6.3965
3.5746
3.4051
1.0885
0
0
0
0
0
0
0
0
0
0
0
0
0
3.066
9.0767
13.412
17.53
21.089
21.859
20.646
17.063
11.753
7.2337
3.3912
0
0
0
0
0
0
0
0
0
0
0
0
0
2.9493
6.5901
11.115
11.576
11.506
13.57
16.315
12.79
10.714
6.8492
4.3138
0
0
0
0
0
0
0
0
0
0
0
0
0
4.1985
9.6458
15.122
19.264
22.721
23.871
22.172
18.837
13.845
8.3412
4.3327
0
0
0
0
0
0
0
0
0
0
0
0
0
4.505
9.7191
14.678
19.284
22.687
23.878
22.23
18.996
13.616
8.3069
4.2131
0
0
0
0
0
0
0
0
0
0
0
0
0
5.4796
11.049
16.559
20.766
23.8
24.494
22.707
19.614
14.814
9.2531
4.9925
0
0
0
0
0
0
0
0
0
0
0
0
0
4.6842
10.016
15.359
19.404
20.868
22.186
20.98
19.619
13.404
8.9626
5.2598
0
0
0
0
0
0
0
0
0
0
0
0
0
2.1107
4.4846
7.3804
9.2612
10.754
11.253
10.3
8.3963
5.7907
3.6435
1.4055
0
0
0
0
0
0
0
0
0
0
0
0
0.2941
6.0093
10.937
16.177
21.681
24.514
24.856
23.14
20.136
15.232
9.3463
5.374
0
0
0
0
0
0
0
0
0
0
0
0
0.4415
5.8273
10.637
16.824
21.353
23.885
25.542
24.266
20.926
15.676
9.5841
5.1344
0
0
0
0
0
0
0
0
0
0
0
0
0.5047
6.5598
11.63
17.528
22.182
26.11
26.737
24.831
21.103
16.556
10.353
5.8619
0.2286
0
0
0
0
0
0
0
0
0
0
0
1.2476
5.5259
10.561
15.588
20.703
23.663
23.794
24.742
19.746
14.941
9.0802
5.2019
0.2602
0
0
0
0
0
0
0
0
0
0
0
1.534
2.5807
7.3556
9.9258
7.9093
11.753
14.889
9.5844
10.516
14.579
12.324
5.8975
0.5272
0
0
0
0
0
0
0
0
0
0
0
1.2707
7.1753
11.38
16.069
18.665
19.096
21.248
22.238
17.881
13.686
9.8823
6.3944
0.6425
0
0
0
0
0
0
0
0
0
0
0
3.3701
12.928
23.315
31.105
38.906
44.87
44.349
42.446
37.997
29.258
18.224
10.269
0.8693
0
0
0
0
0
0
0
0
0
0
0
2.4573
6.3639
11.369
9.8327
15.832
16.084
32.117
19.805
18.961
2.4076
3.4527
2.8595
1.1418
0
0
0
0
0
0
0
0
0
0
0
2.2881
3.323
12.615
21.931
8.5059
29.077
42.227
3.6468
23.036
30.497
21.589
8.0061
3.5414
0
0
0
0
0
0
0
0
0
0
0
4.8612
13.607
22.523
32.218
38.312
44.759
45.416
43.295
38.792
31.273
21.162
13.254
4.1381
0
0
0
0
0
0
0
0
0
0
0
6.7948
11.394
12.961
35.744
39.634
34.38
36.976
2.9949
20.386
23.008
16.481
6.5733
2.8867
0
0
0
0
0
0
0
0
0
0
0
5.553
12.209
23.165
31.953
40.302
45.439
47.192
45.006
40.364
30.669
20.626
11.975
4.2844
0
0
0
0
0
0
0
0
0
0
0
6.2919
12.965
25.129
34.936
42.851
48.514
49.939
48.07
42.365
33.451
23.227
14.052
5.4342
0
0
0
0
0
0
0
0
0
0
0
4.3504
9.181
16.379
24.932
26.413
33.713
29.553
33.146
25.085
21.014
12.835
8.3111
2.9459
0
0
0
0
0
0
0
0
0
0
0
7.629
14.995
27.576
37.191
44.944
50.188
51.707
49.668
43.947
35.583
24.845
15.12
6.6538
0
0
0
0
0
0
0
0
0
0
0
6.9981
13.322
24.495
33.192
39.79
45.423
47.185
45.643
40.558
34.811
24.071
14.874
7.1108
0
0
0
0
0
0
0
0
0
0
0.231
7.2318
12.344
22.441
26.059
30.097
34.672
32.887
30.618
30.261
23.37
17.314
10.514
5.0101
0
0
0
0
0
0
0
0
0
0
0.2218
7.2887
10.835
19.418
27.739
30.765
37.898
35.749
37.753
40.494
32.742
23.193
15.814
9.2886
0
0
0
0
0
0
0
0
0
0
0.8257
8.5628
15.724
27.192
35.719
41.267
43.234
45.579
46.361
39.933
32.929
22.981
13.654
5.6911
0
0
0
0
0
0
0
0
0
0
0.8435
9.0012
15.672
28.376
39.169
47.119
51.614
51.827
49.228
43.621
36.105
25.808
15.854
8.1258
0
0
0
0
0
0
0
0
0
0
1.0068
9.9791
16.844
30.876
40.47
48.976
54.472
56.313
54.07
48.379
39.734
28.825
17.83
9.4332
0
0
0
0
0
0
0
0
0
0
1.5649
9.2395
14.698
27.642
36.86
45.072
48.979
50.657
48.132
43.591
36.736
26.707
17.366
8.5321
0
0
0
0
0
0
0
0
0
0
1.5319
5.8105
11.607
13.838
15.955
17.839
23.522
19.447
26.869
20.409
22.97
13.12
7.4709
3.6758
0
0
0
0
0
0
0
0
0
0
2.2357
7.3984
14.182
16.524
25.95
27.313
32.088
26.423
25.633
13.296
17.559
8.6359
6.0793
0.564
0
0
0
0
0
0
0
0
0
0
1.1766
5.804
14.825
10.985
13.855
23.236
26.398
19.498
6.7068
11.516
14.342
12.251
10.835
6.9122
0.57
0
0
0
0
0
0
0
0
0
2.55
8.4677
19.112
32.677
42.187
49.954
55.067
56.225
54.319
47.87
39.369
28.544
17.966
10.236
0.5823
0
0
0
0
0
0
0
0
0
3.3633
9.8798
18.448
30.997
41.044
47.871
51.538
53.677
53.219
47.917
38.63
27.895
17.089
10.011
0.8393
0
0
0
0
0
0
0
0
0
3.0417
8.432
17.026
27.873
36.161
39.838
48.045
51.286
50.58
44.639
35.235
26.142
15.618
7.8881
0.7214
0
0
0
0
0
0
0
0
0
1.2604
2.582
5.3665
10.343
11.134
10.589
14.154
15.184
17.167
12.228
8.4272
4.9784
2.2671
2.6022
0.63
0
0
0
0
0
0
0
0
0
5.2751
11
22.518
37.022
47.623
33.742
39.387
56.327
22.388
9.2544
7.5062
2.3342
1.4803
0.6602
0
0
0
0
0
0
0
0
0
0
3.0855
6.2922
10.843
11.924
14.711
13.921
21.778
18.193
19.217
13.252
6.4077
4.145
4.9819
4.3617
1.4949
0
0
0
0
0
0
0
0
0
0.8993
8.6347
10.95
14.353
33.538
59.677
27.283
40.356
46.405
41.21
21.19
17.269
11.888
0.6964
0.2381
0
0
0
0
0
0
0
0
0
5.2678
11.626
20.347
33.94
42.247
49.743
53.012
55.147
54.105
48.847
41.167
32.508
21.054
12.709
3.2685
0
0
0
0
0
0
0
0
0
5.4486
11.664
19.668
32.572
41.043
47.781
51.894
53.225
51.116
45.338
37.579
28.534
18.608
10.967
3.0556
0
0
0
0
0
0
0
0
0
6.0508
12.57
21.072
34.99
44.727
52.536
56.752
57.533
55.316
49.223
41.039
30.825
19.978
11.673
3.3301
0
0
0
0
0
0
0
0
0
3.8668
8.0954
13.528
20.008
24.602
31.236
31.767
36.498
30.991
26.25
20.453
16.283
12.18
7.4089
2.2145
0
0
0
0
0
0
0
0
0
3.33
7.5633
12.533
15.762
20.316
21.996
25.686
25.606
24.791
23.223
18.722
14.548
9.7381
5.098
1.5963
0
0
0
0
0
0
0
0
0.9016
6.2073
7.4592
7.2657
12.042
6.9373
4.0249
19.707
39.507
38.542
33.641
32.744
24.158
18.161
12.808
2.5538
0
0
0
0
0
0
0
0
0
2.6069
5.3793
10.231
16.346
16.989
14.921
22.604
21.173
16.132
13.045
15.481
11.492
8.5462
6.819
2.3284
0
0
0
0
0
0
0
0
0
2.161
4.3071
4.0198
8.2631
14.501
17.626
24.139
24.568
22.339
15.074
13.079
8.5345
5.5267
4.0591
3.3963
0
0
0
0
0
0
0
0
1.2989
9.3024
17.537
28.58
45.162
55.671
62.992
67.652
68.337
65.302
59.213
49.891
38.267
25.874
16.048
6.3559
0
0
0
0
0
0
0
0
1.3806
6.9224
17.345
27.527
43.299
50.187
57.479
61.66
61.834
57.523
52.079
39.686
30.182
21.16
12.374
5.0107
0
0
0
0
0
0
0
0
0
4.7999
6.2678
2.3841
3.2525
4.012
15.842
36.582
51.025
54.614
56.278
49.546
43.464
20.834
17.631
8.1699
0
0
0
0
0
0
0
0
0.6975
5.5806
9.4588
19.677
33.684
37.617
51.482
60.274
50.823
63.781
49.78
40.534
15.67
9.498
8.8438
0
0
0
0
0
0
0
0
0
1.3577
4.0143
10.595
14.013
28.396
34.511
47.655
52.495
58.808
62.132
59.876
42.472
41.181
30.284
18.946
9.0775
0.8112
0
0
0
0
0
0
0
1.0706
0.7668
2.1312
8.4136
11.398
15.562
20.004
22.742
24.578
24.743
19.813
18.127
16.465
13.264
6.5973
4.1117
0
0
0
0
0
0
0
0
2.5432
5.8468
5.0038
2.5464
3.4348
4.2097
4.7893
21.156
36.881
41.299
57.767
57.222
44.606
28.151
12.714
9.2085
0.2517
0
0
0
0
0
0
0
1.5141
3.8634
7.1861
9.0152
14.427
21.027
21.533
25.68
27.271
21.92
15.946
12.493
9.5799
5.9365
3.9532
1.5077
0
0
0
0
0
0
0
0
2.1764
6.6727
8.3771
10.562
35.528
24.184
24.536
12.794
5.2581
24.156
43.207
22.966
25.964
14.122
7.2812
2.483
0.6511
0
0
0
0
0
0
0
2.9142
6.2255
6.3653
3.2694
13.175
4.1071
11.019
30.284
35.939
35.968
53.995
42.989
27.468
11.284
11.312
10.961
1.6722
0
0
0
0
0
0
0
1.8836
3.4132
6.6443
11.698
16.704
23.379
19.103
25.759
28.479
20.254
23.932
20.505
18.424
10.557
5.2069
0.5348
0
0
0
0
0
0
0
0
3.781
6.7026
16.5
22.617
34.133
36.097
52.148
59.625
53.042
51.957
44.636
36.542
34.999
20.139
10.431
6.8042
1.5978
0
0
0
0
0
0
0
3.2051
8.1426
16.705
24.618
26.975
24.605
32.014
34.737
31.238
34.482
41
43.458
32.382
23.04
16.219
10.26
2.3065
0
0
0
0
0
0
0
3.8016
7.6651
15.331
20.657
28.448
27.148
24.131
29.302
21.933
17.643
12.114
11.395
7.4391
3.7723
1.4704
0.6614
0.8688
0
0
0
0
0
0
0
4.8094
9.9932
19.995
30.368
44.565
53.677
59.98
63.14
63.377
60.698
55.777
48.193
38.623
27.733
17.99
10.637
2.2257
0
0
0
0
0
0
0
4.4082
8.6964
18.144
28.047
40.072
44.316
47.759
51.376
52.045
51.39
47.114
39.658
29.901
22.531
14.336
8.3772
1.8929
0
0
0
0
0
0
0
3.997
7.5464
12.798
12.688
20.53
19.089
21.703
28.765
33.029
36.068
40.114
34.414
30.887
27.065
20.327
13.96
2.5022
0
0
0
0
0
0
0.5831
5.7338
11.299
23.105
34.734
50.61
60.51
67.544
71.372
71.779
69.306
63.767
55.079
44.002
31.839
20.458
12.511
2.7866
0
0
0
0
0
0
0.633
4.4994
10.695
21.181
32.09
46.929
56.755
63.595
67.668
67.938
66.333
62.071
54.367
44.116
32.348
21.064
13.359
3.0446
0
0
0
0
0
0
0.757
5.2532
12.2
24.286
36.147
51.783
61.026
68.036
72.176
73.073
70.385
64.82
56.217
45.298
33.368
22.05
14.141
3.2618
0
0
0
0
0
0
1.6215
5.5731
12.911
25.894
37.67
54.095
63.745
70.98
74.508
74.965
71.508
65.921
57.059
45.736
33.309
21.826
13.772
3.4686
0
0
0
0
0
0
1.5973
5.6686
12.916
25.634
37.373
53.506
63.077
70.184
73.844
74.6
72.036
66.79
58.25
47.204
34.696
23.052
14.746
3.7293
0
0
0
0
0
0
1.5362
5.6662
12.671
25.172
36.756
52.756
62.182
69.108
72.835
73.645
71.397
66.101
58.071
47.847
35.574
24.026
15.873
4.3483
0
0
0
0
0
0
1.6063
5.1615
11.546
22.684
33.087
47.863
57.017
63.395
67.256
67.502
65.782
61.151
53.542
42.979
31.874
21.268
13.511
4.1244
0
0
0
0
0
0
1.3618
6.4743
10.689
22.29
24.727
34.571
43.02
58.38
70.513
73.341
64.073
49.457
47.563
25.674
15.776
9.2615
4.6167
2.291
0
0
0
0
0
0
1.7429
3.6184
8.4075
13.192
21.745
41.892
44.921
50.866
54.15
52.35
40.758
47.62
44.556
31.091
13.471
8.7418
8.3324
1.7803
0
0
0
0
0
0
1.2953
6.1571
14.584
27.013
40.148
51.616
60.517
65.827
37.487
40.057
31.517
24.117
28.691
24.053
11.169
11.383
3.7445
1.1874
0
0
0
0
0
0
0.8265
1.1153
3.3982
13.753
15.131
12.089
24.596
8.6419
26.897
48.205
53.748
67.455
42.345
39.117
28.711
22.562
14.483
5.1344
0.5029
0
0
0
0
0
1.6785
5.6005
12.156
23.741
35.765
52.147
60.136
70.072
42.234
41.647
39.37
36.432
30.214
23.653
17.751
11.635
7.714
3.5124
0
0
0
0
0
0
1.3926
6.3592
14.036
28.272
38.773
55.525
65.507
71.782
38.934
42.18
38.015
29.033
24.037
19.577
12.292
8.412
4.4979
2.3885
0
0
0
0
0
0
1.4322
7.1514
15.349
29.807
40.081
53.433
58.791
79.131
29.819
36.557
40.103
32.474
22.998
20.317
15.867
9.9359
4.8454
2.5431
0
0
0
0
0
0
0
1.4892
4.5564
6.207
10.35
13.699
15.873
17.617
20.238
16.444
16.284
20.665
20.778
15.866
15.554
10.829
4.2938
1.4516
0
0
0
0
0
0
1.0379
2.8485
5.7507
8.9151
12.66
15.673
18.933
21.116
23.59
23.872
23.301
20.978
19.113
16.619
12.349
8.7011
4.8337
1.9379
0.5442
0
0
0
0
0
1.1626
1.9056
5.2248
3.7229
8.741
8.7672
21.96
32.448
40.18
47.202
41.471
36.541
38.116
40.221
27.129
22.346
17.358
6.3258
1.4543
0
0
0
0
0
1.5526
5.8773
12.055
25.013
35.526
48.487
54.573
59.61
60.009
59.753
63.271
55.793
47.886
41.697
31.63
20.996
13.875
4.9499
1.3586
0
0
0
0
0
2.3264
4.7866
14.148
24.775
39.811
47.483
56.011
55.276
41.539
32.649
19.945
18.14
13.778
12.566
4.7089
1.7108
0.9493
0
0
0
0
0
0
0
1.8414
7.711
13.547
23.461
31.693
38.261
43.785
26.083
25.914
24.377
47.147
32.51
31.248
27.48
16.871
6.2366
3.8909
0.2385
0
0
0
0
0
0
1.9836
6.4692
13.313
25.704
36.642
52.261
61.573
68.593
72.556
72.843
69.641
64.329
56.545
46.276
34.383
23.23
14.762
6.4849
1.3962
0
0
0
0
0
2.0238
6.5351
13.388
25.631
36.081
50.838
60.899
67.266
70.16
71.403
69.271
63.381
55.852
45.666
34.357
22.939
14.358
6.3503
1.4664
0
0
0
0
0
1.7916
6.7326
13.837
26.363
37.137
52.302
61.421
67.806
71.118
72.196
70.217
65.489
57.637
47.834
36.202
24.736
16.053
7.09
1.5545
0
0
0
0
0
1.5371
8.0656
16.835
30.857
44.523
59.216
63.959
71.035
44.608
46.339
45.147
40.205
37.2
32.433
25.617
17.944
10.468
4.8871
1.3391
0
0
0
0
0
1.9737
3.7585
7.8228
13.423
21.209
26.36
30.529
33.854
36.517
36.091
35.883
28.613
28.201
24.623
17.262
10.235
4.1576
1.1761
0
0
0
0
0
0
1.8883
4.8828
5.8996
3.339
3.3538
11.334
13.182
11.586
24.68
18.283
33.695
47.812
40.854
21.73
12.258
9.1481
4.3982
3.9462
1.2541
0
0
0
0
0
1.7001
7.1055
15.629
26.939
34.463
45.611
55.8
58.911
59.897
54.218
58.825
54.838
49.062
35.538
25.629
15.329
9.3285
4.0926
1.3459
0
0
0
0
0
2.1147
5.7686
11.097
16.39
23.079
29.044
26.9
38.65
38.045
42.626
55.407
46.053
45.128
43.609
33.527
22.754
14.846
8.0999
1.847
0
0
0
0
0
1.3309
2.2945
6.7049
8.0574
14.894
16.009
12.87
18.388
14.89
20.092
27.127
27.72
17.348
20.997
11.834
10.179
6.1173
2.2754
1.3241
0
0
0
0
0
0.9795
2.7183
5.4195
8.0391
10.519
13.458
15.825
18.244
18.846
20.25
18.946
18.234
17.005
14.134
10.688
7.6494
4.793
2.0772
0.7226
0
0
0
0
0
1.0863
3.295
7.1864
12.391
17.988
21.554
22.914
27.492
28.041
26.936
31.076
20.9
19.205
9.3986
5.2243
1.7285
1.0212
0.2241
0
0
0
0
0
0
2.0468
6.6243
13.289
25.403
36.58
52.276
61.212
67.574
70.461
70.935
67.989
62.887
55.379
44.385
33.496
22.313
13.766
6.2591
1.6033
0
0
0
0
0
2.0179
6.3675
12.684
24.511
35.325
49.846
59.807
66.089
69.662
70.105
67.557
63.338
55.795
45.989
34.037
23.462
14.635
6.9849
1.5289
0
0
0
0
0
1.9248
6.2487
12.082
22.662
31.222
45.128
55.529
62.309
66.176
67.402
67.455
63.693
55.286
46.624
34.548
24.041
16.327
8.0669
1.808
0
0
0
0
0
2.0033
4.5106
9.0129
7.7078
12.315
18.736
9.2025
6.6029
24.701
22.313
25.832
21.692
25.79
22.187
12.757
14.541
7.0371
3.7296
1.3715
0
0
0
0
0
1.4598
3.1686
7.0308
7.8383
9.0834
14.533
19.845
22.745
21.821
21.492
18.745
14.546
14.847
10.115
8.674
7.7824
2.6065
1.4479
0
0
0
0
0
0
1.1243
0.556
1.1944
1.9757
2.8152
6.3958
40.772
27.912
49.859
44.853
52.591
70.894
20.426
34.801
15.182
18.932
10.853
0.2215
0
0
0
0
0
0
1.5218
6.9305
14.333
27.83
39.243
55.332
65.245
72.215
76.515
77.475
74.841
69.338
61.207
50.777
38.288
26.097
16.764
7.8932
1.5265
0
0
0
0
0
1.9224
6.1953
12.439
23.806
34.832
50.553
59.876
66.129
69.789
70.503
67.987
62.034
54.841
44.372
34.071
23.665
15.39
7.3353
1.5732
0
0
0
0
0
1.9072
6.1603
12.32
24.14
34.874
50.086
59.841
66.967
70.608
70.928
69.652
65.084
56.842
46.54
34.659
23.582
14.917
7.0546
1.5565
0
0
0
0
0
1.7713
5.1163
10.052
16.055
24.2
38.785
49.177
50.782
54.958
57.293
54.317
50.485
39.653
45.857
39.141
25.604
16.965
8.1473
1.7141
0
0
0
0
0
2.2527
6.0908
5.8719
4.3001
6.8202
15.443
62.517
75.531
72.608
74.798
65.141
40.473
12.128
28.889
39.2
20.21
11.569
8.6143
1.7566
0
0
0
0
0
1.1902
2.5439
6.9006
11.428
16.19
24.86
31.461
30.761
32.427
27.065
27.416
23.602
23.877
16.086
13.917
9.2331
2.958
0.2425
0.5213
0
0
0
0
0
1.6398
6.1586
14.035
27.829
34.206
53.881
60.838
72.728
22.973
15.2
26.158
22.854
28.98
20.805
16.792
13.162
13.9
8.282
1.7197
0
0
0
0
0
1.5227
4.7173
8.8995
12.26
16.652
23.896
28.736
31.29
33.279
30.834
35.035
24.904
22.42
17.051
14.526
10.577
2.771
1.0952
0
0
0
0
0
0
1.5473
4.635
8.4944
15.204
17.831
23.394
41.427
41.643
42.782
46.945
45.792
40.492
32.661
29.004
17.449
11.958
7.1037
4.4042
1.2705
0
0
0
0
0
1.1975
4.7774
9.1471
17.096
22.143
33.668
34.047
37.222
47.425
52.958
43.122
44.355
38.703
33.108
29.625
23.471
15.867
7.4048
1.6472
0
0
0
0
0
1.457
6.3283
13.971
27.441
39.049
55.366
65.135
72.328
76.51
77.505
75.264
70.022
61.738
50.892
38.478
26.276
16.905
7.1868
1.3493
0
0
0
0
0
0
0.9205
1.681
2.5197
3.5573
4.5342
5.8918
6.4552
6.5744
6.8174
7.1891
6.6469
5.6422
4.7785
3.7619
2.7593
1.5017
0.6152
0
0
0
0
0
0
0.757
2.6184
4.0327
6.8555
9.9173
11.323
18.227
19.215
22.917
18.695
18.348
20.306
14.835
9.0114
6.7391
3.6408
3.2942
0.9249
0
0
0
0
0
0
1.5378
5.1671
11.973
24.322
37.218
53.761
63.887
67.945
42.117
38.827
35.595
34.525
30.453
24.416
17.375
13.643
8.0241
3.366
0.9018
0
0
0
0
0
0.5756
3.0034
6.3212
8.0747
9.3216
15.596
15.684
22.779
24.2
19.433
23.926
18.257
17.015
12.378
11.282
9.9927
4.8292
1.7952
0
0
0
0
0
0
1.3593
4.7627
11.003
21.946
31.698
42.395
53.473
59.07
64.14
64.69
61.364
54.124
50.17
39.773
30.39
21.713
14.222
5.5372
0.5904
0
0
0
0
0
1.2849
4.2633
9.1152
17.446
26.053
37.638
48.927
57.62
61.682
65.388
65.305
56.666
48.134
41.384
33.113
22.289
16.079
6.3857
0.7963
0
0
0
0
0
1.4386
4.2396
10.003
19.067
28.122
40.591
48.648
57.119
58.359
59.894
62.528
59.495
56.098
43.882
34.423
22.233
14.948
6.0921
0.7073
0
0
0
0
0
1.0743
3.6826
7.1216
10.243
16.244
23.157
28.761
33.948
37.097
33.03
33.346
32.172
26.793
20.525
16.226
8.448
3.9988
1.232
0
0
0
0
0
0
1.3889
4.7382
12.698
5.5887
2.9416
27.78
23.443
41.008
36.08
15.021
5.5794
15.458
47.944
50.691
36.58
25.81
16.489
5.7864
1.0518
0
0
0
0
0
0.6054
3.8519
10.481
21.42
32.591
47.528
57.11
64.72
69.08
71.001
69.466
64.58
57.18
46.909
35.095
23.702
15.393
5.1094
0
0
0
0
0
0
0
4.1752
8.1338
13.597
22.817
32.116
32.132
49.801
54.971
51.811
48.264
49.898
34.903
23.111
20.823
14.481
6.2472
1.64
0
0
0
0
0
0
0.5098
4.2837
8.8304
17.599
26.621
39.93
47.557
57.253
60.868
57.464
56.725
57.062
47.506
40.434
28.717
15.777
8.5865
2.4909
0
0
0
0
0
0
0
3.566
8.57
16.964
25.394
38.27
46.873
55.009
57.798
59.349
57.038
53.085
45.789
37.007
29.444
19.101
12.416
3.5814
0
0
0
0
0
0
0
2.8234
8.6256
17.307
25.309
38.579
47.661
54.423
56.718
60.577
58.511
53.176
45.096
36.772
28.061
20.059
12.436
3.9365
0
0
0
0
0
0
0
2.1679
8.6101
17.32
25.981
39.513
49.261
55.788
60.833
63.252
61.062
55.938
48.791
41.049
30.297
20.992
13.903
3.8168
0
0
0
0
0
0
0
2.0926
8.2165
16.585
27.063
39.331
50.47
55.627
55.412
56.881
57.564
53.918
47.351
40.556
30.551
19.059
12.87
3.1
0
0
0
0
0
0
0
2.3784
4.7378
10.44
15.214
21.236
27.397
30.682
35.467
33.872
33.078
27.231
26.827
22.281
17.383
11.04
5.8095
1.7854
0
0
0
0
0
0
0
2.1847
4.907
10.211
16.739
22.874
27.045
29.473
31.984
31.345
29.373
27.221
23.086
19.32
13.44
8.3069
5.045
1.7592
0
0
0
0
0
0
0
1.8116
5.3289
10.232
14.887
21.446
27.185
31.406
31.62
31.336
29.242
27.926
25.971
19.544
13.247
8.6834
4.268
1.4191
0
0
0
0
0
0
0
2.0612
6.0867
10.197
15.949
22.622
28.493
32.944
32.107
28.671
26.622
23.626
20.262
18.009
14.444
8.2382
4.0872
1.2322
0
0
0
0
0
0
0
1.6961
6.7058
14.151
22.336
34.003
41.084
46.19
48.707
48.381
48.402
45.539
39.492
31.966
22.802
13.826
7.5073
1.7776
0
0
0
0
0
0
0
1.3681
4.2266
7.8135
12.09
15.747
19.562
21.603
24.916
26.449
25.569
24.063
21.823
18.185
13.87
8.9879
4.5368
1.497
0
0
0
0
0
0
0
2.0481
7.2603
16.744
26.607
41.31
50.357
56.749
60.978
63.544
61.037
57.06
48.246
38.767
27.907
17.709
10.829
1.9182
0
0
0
0
0
0
0
1.5633
7.8295
18.34
29.502
45.596
56.015
63.947
68.811
70.318
68.743
63.727
55.437
44.686
32.288
20.832
12.539
1.927
0
0
0
0
0
0
0
1.653
5.465
6.4402
8.2882
14.329
8.2182
30.11
42.725
45.573
46.908
64.93
47.678
35.239
28.212
19.754
11.693
1.9354
0
0
0
0
0
0
0
1.475
7.3804
17.413
28.295
43.828
53.915
61.595
66.41
67.227
64.837
59.207
51.335
40.572
28.633
18.531
10.563
1.6448
0
0
0
0
0
0
0
1.04
3.6262
6.5722
9.7095
13.265
16.894
18.838
23.653
20.883
18.635
18.974
16.037
10.664
6.6789
4.4401
1.5678
0
0
0
0
0
0
0
0
1.2976
6.1235
13.925
24.717
42.484
39.68
55.716
40.947
19.939
24.596
20.376
26.996
15.909
29.255
20.475
11.079
0.6279
0
0
0
0
0
0
0
1.3679
5.2592
10.846
17.615
24.305
27.884
34.345
39.128
36.492
33.069
39.874
26.522
19.968
11.533
5.7568
2.6048
0
0
0
0
0
0
0
0
0.9727
3.5148
8.5015
13.07
17.859
21.777
24.978
27.174
28.685
29.652
27.199
21.785
17.325
10.524
6.0198
2.1869
0
0
0
0
0
0
0
0
0
3.6922
6.1994
8.2633
13.897
17.689
19.212
26.119
26.769
27.723
24.205
17.288
12.522
8.0075
4.5846
1.6888
0
0
0
0
0
0
0
0
0
2.7032
9.0274
13.529
22.744
26.631
30.386
43.522
47.184
54.104
61.742
51.13
40.977
27.154
14.425
6.9528
0
0
0
0
0
0
0
0
0
1.7002
4.0824
6.868
8.6646
10.809
11.823
10.946
11.678
12.031
12.053
12.159
9.9884
7.1649
4.2019
1.9546
0
0
0
0
0
0
0
0
0
1.4597
3.3446
4.2543
6.3105
7.8808
8.8805
9.631
12.138
12.652
10.827
10.819
8.0137
5.2073
2.6939
1.1776
0
0
0
0
0
0
0
0
0
1.0518
3.144
4.4865
5.6283
7.5189
8.8131
11.332
11.156
11.112
10.648
9.1174
6.7132
3.6812
2.0144
0.8515
0
0
0
0
0
0
0
0
0
2.3106
3.5953
9.166
13.377
18.925
23.746
29.568
20.349
19.431
22.933
22.523
15.469
10.041
6.6272
3.2065
0
0
0
0
0
0
0
0
0
4.6943
10.164
16.728
24.414
35.485
47.53
61.064
62.577
19.697
3.5254
2.9742
4.318
1.5362
6.1431
2.4372
0
0
0
0
0
0
0
0
0
4.9016
11.274
21.83
34.227
40.841
44.366
42.238
42.715
48.088
44.209
37.747
29.269
17.972
10.202
3.7429
0
0
0
0
0
0
0
0
0
4.7471
9.5959
16.82
29.338
39.561
48.226
53.325
54.23
55.323
49.128
40.657
31.257
22.642
13.245
4.6018
0
0
0
0
0
0
0
0
0
4.4006
10.463
19.145
31.232
39.227
47.543
53.482
53.869
52.368
46.676
37.858
27.344
18.362
10.61
2.9507
0
0
0
0
0
0
0
0
0
3.4081
8.9199
15.803
26.847
36.042
39.687
40.762
42.243
41.176
36.848
28.756
23.035
15.559
8.6849
2.4431
0
0
0
0
0
0
0
0
0
2.8832
6.1402
12.23
21.208
24.575
30.632
34.959
31.113
32.841
29.097
28.668
26.234
16.106
10.817
3.6806
0
0
0
0
0
0
0
0
0
2.6719
7.3999
12.672
18.491
20.241
23.83
21.054
29.174
27.152
18.23
14.522
6.5987
5.3373
2.9779
0
0
0
0
0
0
0
0
0
0
2.5351
11.13
15.921
20.756
25.702
42.458
44.122
47.074
35.44
25.986
18.445
9.7858
6.7189
0.6197
0
0
0
0
0
0
0
0
0
0
2.2517
7.3112
12.877
22.623
25.05
35.743
41.272
44.274
44.272
42.345
36.927
27.818
17.742
11.569
2.5127
0
0
0
0
0
0
0
0
0
2.274
11.96
17.926
30.514
40.867
48.507
52.629
52.207
52.24
47.364
40.028
30.127
18.113
10.247
0.9174
0
0
0
0
0
0
0
0
0
1.66
9.4532
16.013
27.232
36.123
41.817
45.299
45.928
44.4
39.952
32.968
24.59
15.37
8.5716
0.7701
0
0
0
0
0
0
0
0
0
1.7775
11.352
17.97
31.803
41.883
50.172
54.43
56.447
54.595
49.592
40.892
30.101
18.809
11.096
0.6836
0
0
0
0
0
0
0
0
0
0
1.5814
6.1394
6.5911
10.146
7.2896
7.175
8.4919
40.256
34.73
22.096
12.912
8.9418
3.3784
0
0
0
0
0
0
0
0
0
0
0
0.7549
1.6107
2.4945
3.2685
3.8746
17.034
62.632
60.124
38.589
26.992
28.211
9.9422
10.558
1.5001
0
0
0
0
0
0
0
0
0
1.5002
10.345
16.863
30.608
40.422
48.422
52.815
53.343
51.694
46.074
37.072
26.312
16.252
8.5334
0
0
0
0
0
0
0
0
0
0
0
0.6576
6.1783
28.984
44.449
18.735
32.065
53.679
39.332
24.193
26.979
15.068
4.0117
3.5174
0
0
0
0
0
0
0
0
0
0
0.9675
9.4626
15.115
25.514
34.348
45.597
48.282
48.979
45.49
40.142
34.274
21.917
14.629
7.1472
0
0
0
0
0
0
0
0
0
0
0.65
8.3739
15.65
29.146
38.995
46.871
51.639
50.032
47.889
42.284
32.987
21.178
12.933
6.0421
0
0
0
0
0
0
0
0
0
0
0
4.9551
8.7758
13.898
17.322
19.58
20.331
23.784
22.288
16.814
14.467
11.596
6.8786
2.5441
0
0
0
0
0
0
0
0
0
0
0.2464
7.429
13.712
24.375
31.411
37.932
39.475
38.72
38.001
33.761
26.187
17.536
10.355
3.6194
0
0
0
0
0
0
0
0
0
0
0
8.5611
16.145
29.421
38.866
46.692
51.425
53.009
50.891
44.909
36.057
24.771
15.026
6.2888
0
0
0
0
0
0
0
0
0
0
0
7.2359
13.605
25.106
33.804
40.24
44.38
46.787
43.963
39.095
30.863
20.721
12.283
4.7234
0
0
0
0
0
0
0
0
0
0
0
7.1216
12.614
26.967
36.813
41.905
34.086
40.361
41.372
36.334
21.094
12.523
11.757
4.7596
0
0
0
0
0
0
0
0
0
0
0
0.7103
1.5616
2.0403
2.8551
4.6862
7.1461
7.1206
38.13
34.129
26.87
18.29
10.68
3.6021
0
0
0
0
0
0
0
0
0
0
0
1.6979
3.7258
6.0683
8.2279
10.54
12.019
12.94
10.429
10.896
8.9292
7.1341
3.6664
1.409
0
0
0
0
0
0
0
0
0
0
0
4.2673
4.8788
10.193
12.717
15.475
8.3957
14.361
14.801
21.11
17.106
12.045
4.8297
2.0886
0
0
0
0
0
0
0
0
0
0
0
3.6196
9.0552
18.745
24.056
19.853
24.144
19.136
20.258
20.907
12.445
4.4111
1.4766
0
0
0
0
0
0
0
0
0
0
0
0
2.0236
1.1176
11.862
10.174
17.293
22.873
24.737
27.511
15.567
16.688
12.884
7.1802
0
0
0
0
0
0
0
0
0
0
0
0
4.0393
10.491
14.189
16.329
17.191
29.563
32.166
35.557
35.605
28.604
21.549
14.002
1.2638
0
0
0
0
0
0
0
0
0
0
0
2.9136
6.3884
6.3806
11.168
16.728
15.554
17.772
10.882
10.159
9.7008
7.4113
4.7283
0.529
0
0
0
0
0
0
0
0
0
0
0
3.1238
10.159
16.327
20.284
26.443
28.959
24.712
22.729
17.202
14.031
8.5188
3.7939
0
0
0
0
0
0
0
0
0
0
0
0
0.8567
2.0837
6.3054
7.5524
7.0481
3.894
5.8324
37.44
34.325
26.939
17.468
10.243
0
0
0
0
0
0
0
0
0
0
0
0
0
1.0082
1.8743
2.6338
3.2177
5.1644
6.241
33.25
25.242
18.153
11.285
5.3956
0
0
0
0
0
0
0
0
0
0
0
0
3.0979
14.146
21.56
31.644
39.696
44.146
45.819
42.948
36.771
27.475
17.18
9.8081
0
0
0
0
0
0
0
0
0
0
0
0
2.3458
6.9953
13.544
15.179
30.618
37.05
31.03
36.575
30.163
19.196
10.826
5.4121
0
0
0
0
0
0
0
0
0
0
0
0
1.2
4.365
7.9863
10.596
13.186
14.531
14.728
14.159
11.608
8.1288
5.3376
2.2075
0
0
0
0
0
0
0
0
0
0
0
0
1.7451
6.6082
12.144
16.64
22.644
25.152
24.05
20.872
19.184
14.81
9.3982
3.375
0
0
0
0
0
0
0
0
0
0
0
0
1.1406
11.098
17.508
27.101
33.166
35.826
38.359
33.165
30.342
21.7
12.875
5.9082
0
0
0
0
0
0
0
0
0
0
0
0
0.9336
9.7262
16.354
23.619
29.032
33.234
32.301
30.06
24.832
17.66
10.456
4.3883
0
0
0
0
0
0
0
0
0
0
0
0
0.6989
3.1868
8.7485
10.333
20.329
18.674
22.59
19.387
21.3
15.051
11.28
6.8225
0
0
0
0
0
0
0
0
0
0
0
0
0
5.0935
6.323
7.4713
14.751
28.045
29.379
33.968
25.806
19.995
10.997
6.3705
0
0
0
0
0
0
0
0
0
0
0
0
0
6.0211
8.1482
15.671
25.663
25.876
25.924
23.951
23.396
22.169
14.193
5.6648
0
0
0
0
0
0
0
0
0
0
0
0
0
10.178
17.488
26.62
34.022
38.749
39.041
36.511
30.738
21.433
12.73
4.424
0
0
0
0
0
0
0
0
0
0
0
0
0
0.6019
1.4183
2.1689
2.7268
3.076
3.6982
28.047
22.926
16.105
9.2282
2.6956
0
0
0
0
0
0
0
0
0
0
0
0
0
7.263
15.931
23.556
31.363
36.283
34.44
31.596
24.427
17.1
9.9912
1.0176
0
0
0
0
0
0
0
0
0
0
0
0
0
6.604
13.606
21.924
26.685
29.02
31.078
28.667
23.813
20.077
10.769
1.3163
0
0
0
0
0
0
0
0
0
0
0
0
0
1.8937
5.2322
10.704
13.844
13.341
16.015
23.15
14.512
11.301
4.8616
0.6161
0
0
0
0
0
0
0
0
0
0
0
0
0
0.2565
3.6921
6.4644
25.362
22.891
27.594
21.486
19.024
11.941
6.6015
0
0
0
0
0
0
0
0
0
0
0
0
0
0
7.5227
13.501
19.827
22.13
28.195
24.45
20.501
16.544
9.7189
4.3473
0
0
0
0
0
0
0
0
0
0
0
0
0
0
4.8091
13.116
22.697
28.11
33.691
32.869
28.6
22.591
16.834
9.9973
0.546
0
0
0
0
0
0
0
0
0
0
0
0
0
3.852
10.463
15.497
20.969
22.885
22.734
24.458
21.351
13.797
9.1364
0.4457
0
0
0
0
0
0
0
0
0
0
0
0
0
5.4994
14.063
21.007
24.237
26.464
33.663
28.084
19.151
13.385
5.5242
0
0
0
0
0
0
0
0
0
0
0
0
0
0
1.4054
3.9592
6.0719
8.4702
9.1028
9.5049
6.1343
5.4145
3.8695
1.8054
0
0
0
0
0
0
0
0
0
0
0
0
0
0
2.7136
7.7167
12.504
17.424
18.63
16.864
14.522
11.032
6.7255
2.6603
0
0
0
0
0
0
0
0
0
0
0
0
0
0
3.8726
15.931
21.114
29.404
32.852
33.039
29.498
22.407
13.909
7.3655
0
0
0
0
0
0
0
0
0
0
0
0
0
0
2.6739
10.435
14.78
19.625
21.419
22.2
21.355
14.696
9.0115
4.0737
0
0
0
0
0
0
0
0
0
0
0
0
0
0
3.1107
15.584
18.251
13.647
14.11
9.2531
5.2419
4.4316
8.1498
4.0095
0
0
0
0
0
0
0
0
0
0
0
0
0
0
0.8695
2.6067
8.7521
12.504
16.005
29.232
27.919
20.661
12.142
4.7181
0
0
0
0
0
0
0
0
0
0
0
0
0
0
0.9613
3.1224
6.1808
7.1731
8.8366
7.4655
8.4722
4.7126
3.0447
1.0315
0
0
0
0
0
0
0
0
0
0
0
0
0
0
0.5556
3.1467
1.0664
5.8469
7.0608
21.066
23.827
16.14
9.7958
3.8152
0
0
0
0
0
0
0
0
0
0
0
0
0
0
0.2613
4.481
3.5745
16.368
23.912
23.431
16.222
8.4094
0.7169
0.7486
0
0
0
0
0
0
0
0
0
0
0
0
0
0
0
1.3257
2.7802
1.7663
4.0737
5.0217
22.642
15.487
9.2146
3.1072
0
0
0
0
0
0
0
0
0
0
0
0
0
0
0
1.6992
1.0951
6.338
6.4557
5.907
19.352
14.11
7.9109
0.9146
0
0
0
0
0
0
0
0
0
0
0
0
0
0
0
0.5688
1.0767
1.676
1.7858
1.7952
15.785
11.207
6.2338
0.606
0
0
0
0
0
0
0
0
0
0
0
0
0
0
0
0.2659
1.9651
3.2424
4.483
2.5036
18.966
13.314
6.9831
0.5757
0
0
0
0
0
0
0
0
0
0
0
0
0
0
0
1.762
4.044
6.0398
7.2757
7.2876
6.2697
4.6233
2.4503
0
0
0
0
0
0
0
0
0
0
0
0
0
0
0
0
5.167
6.4877
13.56
18.668
23.315
20.241
13.685
6.6446
0.5984
0
0
0
0
0
0
0
0
0
0
0
0
0
0
0
1.063
2.4315
3.5105
3.842
4.0716
3.4228
2.5609
1.138
0
0
0
0
0
0
0
0
0
0
0
0
0
0
0
0
4.5112
10.864
13.956
15.014
15.267
12.035
7.8713
3.8983
0
0
0
0
0
0
0
0
0
0
0
0
0
0
0
0
3.4104
8.8904
12.783
16.205
18.487
10.455
3.1026
0
0
0
0
0
0
0
0
0
0
0
0
0
0
0
0
0
0.2471
1.2197
1.9058
2.2711
2.1336
1.8022
1.274
0.2404
0
0
0
0
0
0
0
0
0
0
0
0
0
0
0
0
0.2602
1.0285
1.8771
1.3995
1.9072
13.011
8.5221
4.7594
0
0
0
0
0
0
0
0
0
0
0
0
0
0
0
0
1.0917
3.4388
5.2409
6.0593
6.0157
4.263
2.4618
1.1088
0
0
0
0
0
0
0
0
0
0
0
0
0
0
0
0
2.5351
7.308
9.884
11.374
11.924
8.6085
5.8105
2.746
0
0
0
0
0
0
0
0
0
0
0
0
0
0
0
0
0.8243
2.5859
7.1744
12.03
12.507
12.422
2.1469
0.7069
0
0
0
0
0
0
0
0
0
0
0
0
0
0
0
0
2.5791
9.68
11.903
13.777
14.423
12.361
8.1269
3.496
0
0
0
0
0
0
0
0
0
0
0
0
0
0
0
0
1.2983
3.8164
5.9948
7.1218
6.0316
4.0953
0.7692
0.6544
0
0
0
0
0
0
0
0
0
0
0
0
0
0
0
0
0.5865
1.8071
2.8629
3.7515
3.8179
3.271
2.1381
0.5938
0
0
0
0
0
0
0
0
0
0
0
0
0
0
0
0
0
0.8838
1.5838
1.8439
1.8375
1.619
0.9671
0
0
0
0
0
0
0
0
0
0
0
0
0
0
0
0
0
0
0.5054
2.2234
4.4575
6.6365
8.1047
5.6315
1.5125
0
0
0
0
0
0
0
0
0
0
0
0
0
0
0
0
0.2259
4.6354
9.5771
11.042
11.419
8.5543
4.0751
0
0
0
0
0
0
0
0
0
0
0
0
0
0
0
0
0
0
2.043
5.1791
5.7629
8.1152
4.6091
4.0961
0
0
0
0
0
0
0
0
0
0
0
0
0
0
0
0
0
0
5.742
8.7904
9.1736
8.4377
7.2466
4.886
0
0
0
0
0
0
0
0
0
0
0
0
0
0
0
0
0
0
4.8636
5.27
5.8631
1.7352
7.7644
1.6901
0
0
0
0
0
0
0
0
0
0
0
0
0
0
0
0
0
0
5.4122
8.6054
11.132
9.7829
7.1217
3.8138
0
0
0
0
0
0
0
0
0
0
0
0
0
0
0
0
0
0
2.81
5.9187
8.6709
8.5469
5.7187
2.6363
0
0
0
0
0
0
0
0
0
0
0
0
0
0
0
0
0
0
2.6145
3.4781
4.1956
3.5048
2.5756
1.3098
0
0
0
0
0
0
0
0
0
0
0
0
0
0
0
0
0
0
2.8081
5.3376
5.9925
5.3949
3.673
1.8255
0
0
0
0
0
0
0
0
0
0
0
0
0
0
0
0
0
0
3.3589
7.4805
6.0947
6.5344
4.5203
2.1693
0
0
0
0
0
0
0
0
0
0
0
0
0
0
0
0
0
0
1.4934
2.7793
3.8502
4.6267
3.5917
1.5427
0
0
0
0
0
0
0
0
0
0
0
0
0
0
0
0
0
0
1.2369
3.5027
2.3177
4.0372
3.9222
2.7073
0
0
0
0
0
0
0
0
0
0
0
0
0
0
0
0
0
0
0
0.5391
0.8101
0.8326
0.6206
0
0
0
0
0
0
0
0
0
0
0
0
0
0
0
0
0
0
0
1.9424
3.258
6.4152
6.44
5.4546
2.2489
0
0
0
0
0
0
0
0
0
0
0
0
0
0
0
0
0
0
1.4869
4.5513
5.9399
5.9195
4.0438
1.5687
0
0
0
0
0
0
0
0
0
0
0
0
0
0
0
0
0
0
0.2033
1.2231
2.2864
2.7928
1.6553
0.7812
0
0
0
0
0
0
0
0
0
0
0
0
0
0
0
0
0
0
0
0.8045
1.1317
1.2196
0.9029
0.1856
0
0
0
0
0
0
0
0
0
0
0
0
0
0
0
0
0
0
0.5877
1.461
1.9929
1.7993
1.843
0.5961
0
0
0
0
0
0
0
0
0
0
0
0
0
0
0
0
0
0
0
1.5793
1.8231
2.0795
1.4359
0.5469
0
0
0
0
0
0
0
0
0
0
0
0
0
0
0
0
0
0
0
1.4452
2.2265
1.8218
1.0402
0.5266
0
0
0
0
0
0
0
0
0
0
0
0
0
0
0
0
0
0
0
1.1825
3.5322
2.4139
1.87
1.0383
0
0
0
0
0
0
0
0
0
0
0
0
0
0
0
0
0
0
0
0.5544
0.6847
0.4804
3.5498
0.8912
0
0
0
0
0
0
0
0
0
0
0
0
0
0
0
0
0
0
0
2.8058
3.1381
2.8575
0.8887
0
0
0
0
0
0
0
0
0
0
0
0
0
0
0
0
0
0
0
0
0.2121
0.8907
3.5568
3.7467
1.0906
0
0
0
0
0
0
0
0
0
0
0
0
0
0
0
0
0
0
0
2.1582
5.2264
3.9548
2.7206
0
0
0
0
0
0
0
0
0
0
0
0
0
0
0
0
0
0
0
0
2.7991
3.5522
2.4352
1.8589
0.4964
0
0
0
0
0
0
0
0
0
0
0
0
0
0
0
0
0
0
0
1.3123
1.9229
2.299
1.9075
0
0
0
0
0
0
0
0
0
0
0
0
0
0
0
0
0
0
0
0
1.0911
1.9583
1.5918
1.1782
0
0
0
0
0
0
0
0
0
0
0
0
0
0
0
0
0
0
0
0
1.0244
1.5839
1.6426
1.286
0
0
0
0
0
0
0
0
0
0
0
0
0
0
0
0
0
0
0
0
0
3.1336
3.8838
1.9796
0
0
0
0
0
0
0
0
0
0
0
0
0
0
0
0
0
0
0
0
0.6841
2.0135
1.3915
0.4763
0
0
0
0
0
0
0
0
0
0
0
0
0
0
0
0
0
0
0
0
0.7221
1.7314
1.2477
0.6961
0
0
0
0
0
0
0
0
0
0
0
0
0
0
0
0
0
0
0
0
0.7754
1.5776
1.4734
0.9613
0
0
0
0
0
0
0
0
0
0
0
0
0
0
0
0
0
0
0
0
0.5995
1.3056
0.6485
0.6191
0
0
0
0
0
0
0
0
0
0
0
0
0
0
0
0
0
0
0
0
0.8697
1.0147
1.3248
1.0338
0
0
0
0
0
0
0
0
0
0
0
0
0
0
0
0
0
0
0
0
0.2173
0.44
0.7178
0.4663
0
0
0
0
0
0
0
0
0
0
0
0
0
0
0
0
0
0
0
0
0.6107
0.9868
1.2942
1.0387
0
0
0
0
0
0
0
0
0
0
0
0
0
0
0
0
0
0
0
0
0.6758
1.3641
1.622
0.8665
0
0
0
0
0
0
0
0
0
0
0
0
0
0
0
0
0
0
0
0
0.192
0.6106
0.7846
0.4153
0
0
0
0
0
0
0
0
0
0
0
0
0
0
0
0
0
0
0
0
0
0
0
0
0
0
0
0
0
0
0
0
0
0
0
0
0
0
0
0
0
0
0
0
0.2027
0.7647
1.4766
0.7628
0
0
0
0
0
0
0
0
0
0
0
0
0
0
0
0
0
0
0
0
0.1466
1.0982
1.326
0.7939
0
0
0
0
0
0
0
0
0
0
0
0
0
0
0
0
0
0
0
0
0
0
0
0.8544
0
0
0
0
0
0
0
0
0
0
0
0
0
0
0
0
0
0
0
0
0.2792
0.7934
1.3802
0.2869
0
0
0
0
0
0
0
0
0
0
0
0
0
0
0
0
0
0
0
0
0
0.837
1.0773
0.6749
0
0
0
0
0
0
0
0
0
0
0
0
0
0
0
0
0
0
0
0
0
0.9437
1.2195
0.7577
0
0
0
0
0
0
0
0
0
0
0
0
0
0
0
0
0
0
0
0
0
0.9705
1.3346
0
0
0
0
0
0
0
0
0
0
0
0
0
0
0
0
0
0
0
0
0
0
0.8636
0.5655
0.5537
0
0
0
0
0
0
0
0
0
0
0
0
0
0
0
0
0
0
0
0
0
0.8747
1.1596
0.75
0
0
0
0
0
0
0
0
0
0
0
0
0
0
0
0
0
0
0
0
0
0.8665
1.1483
0.7466
0
0
0
0
0
0
0
0
0
0
0
0
0
0
0
0
0
0
0
0
0
0
0
0
0
0
0
0
0
0
0
0
0
0
0
0
0
0
0
0
0
0
0
0
0
0
0
0
0
0
0
0
0
0
0
0
0
0
0
0
0
0
0
0
0
0
0
0
0
0
0
0
0
0
0
0
0
0
0
0
0
0
0
0
0
0
0
0
0
0
0
0
0
0
0
0
0
0
0
0
0
0
0
0
0
0
0
0
0
0
0
0
0
0
0
0
0
0.5765
0.9729
0.3705
0
0
0
0
0
0
0
0
0
0
0
0
0
0
0
0
0
0
0
0
0
0.8943
1.224
0.8136
0
0
0
0
0
0
0
0
0
0
0
0
0
0
0
0
0
0
0
0
0
0.9297
1.3179
0.8593
0
0
0
0
0
0
0
0
0
0
0
0
0
0
0
0
0
0
0
0
0
0.7111
0.8887
0.6991
0
0
0
0
0
0
0
0
0
0
0
0
0
0
0
0
0
0
0
0
0
0.725
1.0226
0.8149
0
0
0
0
0
0
0
0
0
0
0
0
0
0
0
0
0
0
0
0
0
0
0
0
0
0
0
0
0
0
0
0
0
0
0
0
0
0
0
0
0
0
0
0
0
0.7108
1.008
0.5231
0
0
0
0
0
0
0
0
0
0