0
0
0
0
0
0
0
0
0
0
0.0981
1.2832
0.2432
0.2737
0
0
0
0
0
0
0
0
0
0
0
0
0
0
0
0
0
0
0
0
0
0.4338
0.5702
0.3361
0
0
0
0
0
0
0
0
0
0
0
0
0
0
0
0
0
0
0
0
0
0.4453
0.9323
0.3159
0
0
0
0
0
0
0
0
0
0
0
0
0
0
0
0
0
0
0
0
0
1.2873
1.1136
0.4406
0
0
0
0
0
0
0
0
0
0
0
0
0
0
0
0
0
0
0
0
0
1.9645
2.4306
0.8571
0
0
0
0
0
0
0
0
0
0
0
0
0
0
0
0
0
0
0
0
0
1.3735
1.3557
0.7722
0
0
0
0
0
0
0
0
0
0
0
0
0
0
0
0
0
0
0
0
0
0.3554
0.512
0.9874
0
0
0
0
0
0
0
0
0
0
0
0
0
0
0
0
0
0
0
0
0
0.444
1.6144
0.7893
0
0
0
0
0
0
0
0
0
0
0
0
0
0
0
0
0
0
0
0
0
1.2024
0.9402
0.6585
0
0
0
0
0
0
0
0
0
0
0
0
0
0
0
0
0
0
0
0
0.1492
0.5838
1.1146
0.7644
0
0
0
0
0
0
0
0
0
0
0
0
0
0
0
0
0
0
0
0
0.1331
2.2661
2.5277
1.0563
0.29
0
0
0
0
0
0
0
0
0
0
0
0
0
0
0
0
0
0
0
0.4969
0.7634
1.2821
1.3582
0.2041
0
0
0
0
0
0
0
0
0
0
0
0
0
0
0
0
0
0
0
0.3703
0
3.6368
1.5658
0.2038
0
0
0
0
0
0
0
0
0
0
0
0
0
0
0
0
0
0
0
0.2292
1.1275
0.8418
0.6926
0.1784
0
0
0
0
0
0
0
0
0
0
0
0
0
0
0
0
0
0
0
0.2646
0.414
0.8652
0.4713
0.1934
0
0
0
0
0
0
0
0
0
0
0
0
0
0
0
0
0
0
0
0
0.2107
1.0804
1.4151
0.4296
0
0
0
0
0
0
0
0
0
0
0
0
0
0
0
0
0
0
0
0.8382
1.3846
0.9013
1.4484
0.3188
0
0
0
0
0
0
0
0
0
0
0
0
0
0
0
0
0
0
0
1.2819
4.3155
0.6938
0.2415
0.3403
0
0
0
0
0
0
0
0
0
0
0
0
0
0
0
0
0
0
0
0.7582
2.7082
2.1052
1.3206
0.3346
0
0
0
0
0
0
0
0
0
0
0
0
0
0
0
0
0
0
0
1.1197
2.968
3.3813
2.1684
0.4522
0
0
0
0
0
0
0
0
0
0
0
0
0
0
0
0
0
0
0
1.6757
4.448
4.0636
2.0019
0.4101
0
0
0
0
0
0
0
0
0
0
0
0
0
0
0
0
0
0
0
0.5183
1.4534
1.5459
1.1997
0.4853
0
0
0
0
0
0
0
0
0
0
0
0
0
0
0
0
0
0
0
0
0
0.1105
0.0991
0
0
0
0
0
0
0
0
0
0
0
0
0
0
0
0
0
0
0
0
0.3007
0.8172
0.8263
0.6175
0.279
0
0
0
0
0
0
0
0
0
0
0
0
0
0
0
0
0
0
0
3.138
5.3828
5.2649
2.6043
0.579
0
0
0
0
0
0
0
0
0
0
0
0
0
0
0
0
0
0
0
3.2855
5.6709
4.846
2.5578
0.6705
0
0
0
0
0
0
0
0
0
0
0
0
0
0
0
0
0
0
0
3.7315
5.877
4.8398
2.4326
0.8075
0
0
0
0
0
0
0
0
0
0
0
0
0
0
0
0
0
0
0
0.6979
1.0677
2.3994
2.4653
0.7276
0
0
0
0
0
0
0
0
0
0
0
0
0
0
0
0
0
0
0
3.2177
5.2601
2.9224
2.9727
0.8402
0.1812
0
0
0
0
0
0
0
0
0
0
0
0
0
0
0
0
0
0
0.4555
0.6457
5.2338
2.6757
1.0435
0.1317
0
0
0
0
0
0
0
0
0
0
0
0
0
0
0
0
0
0
5.3692
6.6901
5.5559
3.1621
0.9151
0.1415
0
0
0
0
0
0
0
0
0
0
0
0
0
0
0
0
0
0
2.8778
2.56
5.2473
2.0593
0.3522
0
0
0
0
0
0
0
0
0
0
0
0
0
0
0
0
0
0
1.2267
6.8642
6.856
4.03
2.5327
0.2133
0
0
0
0
0
0
0
0
0
0
0
0
0
0
0
0
0
0
1.4149
5.9089
6.6946
4.8417
2.1126
1.3439
0.091
0
0
0
0
0
0
0
0
0
0
0
0
0
0
0
0
0
1.3806
4.9615
5.8114
5.4803
3.1136
1.0951
0.4654
0
0
0
0
0
0
0
0
0
0
0
0
0
0
0
0
0
0.379
0.3137
1.7388
1.3754
2.8477
1.1933
0.385
0
0
0
0
0
0
0
0
0
0
0
0
0
0
0
0
0
1.9767
6.6935
7.3095
5.8331
3.5107
1.1791
0.4792
0
0
0
0
0
0
0
0
0
0
0
0
0
0
0
0
0
2.3146
5.7194
6.943
5.9419
3.6774
1.3016
0.5409
0
0
0
0
0
0
0
0
0
0
0
0
0
0
0
0
0
2.9949
6.9086
6.9418
5.7705
3.6407
1.3955
0.443
0
0
0
0
0
0
0
0
0
0
0
0
0
0
0
0
0
2.9277
4.7778
5.7836
4.791
3.2044
1.4315
0.5092
0
0
0
0
0
0
0
0
0
0
0
0
0
0
0
0
0
3.314
6.027
7.4399
5.3822
4.173
1.6215
0.5952
0
0
0
0
0
0
0
0
0
0
0
0
0
0
0
0
0
4.5398
8.1669
8.6598
6.2963
3.8739
1.6622
0.5446
0
0
0
0
0
0
0
0
0
0
0
0
0
0
0
0
0
1.2264
2.4675
5.4923
4.4061
3.7001
1.7626
0.86
0
0
0
0
0
0
0
0
0
0
0
0
0
0
0
0
0
4.2252
5.0582
6.8328
6.3715
4.625
1.8669
0.8066
0
0
0
0
0
0
0
0
0
0
0
0
0
0
0
0
0
5.3347
0.1007
0.2049
7.7175
4.2763
2.5492
0.6343
0.3412
0
0
0
0
0
0
0
0
0
0
0
0
0
0
0
0
0
1.5331
3.3454
4.993
5.5057
2.8045
0.8337
0
0
0
0
0
0
0
0
0
0
0
0
0
0
0
0
0
0
0.1849
0.3081
0.3665
4.4533
2.066
0.7519
0
0
0
0
0
0
0
0
0
0
0
0
0
0
0
0
0.1196
9.4461
10.014
1.369
2.0067
3.6809
2.7271
0.5841
0.3578
0
0
0
0
0
0
0
0
0
0
0
0
0
0
0
0
1.5151
8.2917
11.526
8.3446
5.3544
2.6901
1.0611
0
0
0
0
0
0
0
0
0
0
0
0
0
0
0
0
0
2.9499
6.8064
7.7997
4.1324
2.7062
2.0882
1.0626
0
0
0
0
0
0
0
0
0
0
0
0
0
0
0
0
0
1.9952
2.1081
4.899
4.0128
4.1487
2.438
1.3085
0.487
0
0
0
0
0
0
0
0
0
0
0
0
0
0
0
0.1525
7.9479
8.7811
6.2486
7.2865
6.2389
2.7173
0.8116
0.4457
0
0
0
0
0
0
0
0
0
0
0
0
0
0
0
1.7222
6.0399
8.3751
9.8935
8.9623
6.4123
2.8323
0.776
0.4891
0
0
0
0
0
0
0
0
0
0
0
0
0
0
0
3.0876
7.9197
11.198
11.151
7.0914
2.3507
3.0005
1.1271
0.4795
0
0
0
0
0
0
0
0
0
0
0
0
0
0
0
1.0401
3.3885
6.9111
6.0209
5.7693
6.1182
3.1631
0.8398
0.5098
0
0
0
0
0
0
0
0
0
0
0
0
0
0
0
4.7195
10.384
11.237
4.9952
5.8537
4.0183
3.1627
0.9309
0.1416
0
0
0
0
0
0
0
0
0
0
0
0
0
0
0
3.9638
9.1313
10.842
10.995
9.7426
6.8769
3.3078
0.9284
0.6629
0
0
0
0
0
0
0
0
0
0
0
0
0
0
0
3.8438
7.9376
10.481
10.957
9.7084
7.0478
3.3331
0.9573
0.5568
0
0
0
0
0
0
0
0
0
0
0
0
0
0
0
3.0483
6.1944
9.8242
9.9529
9.3646
6.8411
3.4638
1.0294
0.6008
0
0
0
0
0
0
0
0
0
0
0
0
0
0
0
1.7969
3.6366
6.2446
10.363
9.4257
8.3243
4.2444
1.4903
0.8819
0
0
0
0
0
0
0
0
0
0
0
0
0
0
0
2.3237
1.4449
7.0921
10.189
6.7355
5.6324
3.0049
1.9795
0.6142
0
0
0
0
0
0
0
0
0
0
0
0
0
0
0
1.0273
2.6954
4.1696
5.6238
4.5061
3.9928
2.8269
1.6599
0.7716
0
0
0
0
0
0
0
0
0
0
0
0
0
0
0
0.4819
1.0369
1.7318
2.1903
1.8353
2.8916
2.3862
1.7038
0.8436
0
0
0
0
0
0
0
0
0
0
0
0
0
0
0
9.7522
14.531
16.495
9.9618
5.839
3.9919
0.4413
0.7878
0.397
0
0
0
0
0
0
0
0
0
0
0
0
0
0
0
7.0527
12.122
14.79
14.845
13.781
9.8098
5.2195
1.2395
0.8177
0.0998
0
0
0
0
0
0
0
0
0
0
0
0
0
0
10.594
14.592
17.778
15.574
11.954
9.1757
4.749
2.5146
1.3381
0
0
0
0
0
0
0
0
0
0
0
0
0
0
0
7.203
12.671
11.232
13.156
14.45
11.406
5.7359
1.7822
1.0247
0
0
0
0
0
0
0
0
0
0
0
0
0
0
0
0.2748
0.5805
1.0329
0.7033
0.788
9.3811
5.4211
1.5386
0.8237
0.1503
0
0
0
0
0
0
0
0
0
0
0
0
0
0.2585
12.95
17.652
19.02
18.163
15.581
11.136
5.7601
1.6186
0.8956
0.2053
0
0
0
0
0
0
0
0
0
0
0
0
0
0
0.107
11.458
14.805
7.2638
7.5595
7.7536
2.6028
0.9958
1.4959
0.3717
0
0
0
0
0
0
0
0
0
0
0
0
0
0.4867
4.234
6.6274
9.7289
8.8333
5.9159
4.878
3.3492
1.7477
0.6037
0
0
0
0
0
0
0
0
0
0
0
0
0
0
0.473
0.182
10.639
18.275
8.7153
5.2269
4.0414
2.0539
2.0639
1.5954
0.4247
0
0
0
0
0
0
0
0
0
0
0
0
0
3.5651
9.8308
14.673
16.342
15.034
15.304
12.129
6.5475
1.9281
1.3037
0.673
0
0
0
0
0
0
0
0
0
0
0
0
0
6.0705
13.782
17.427
18.606
14.527
11.354
9.5532
5.6301
2.9539
1.6387
0.7427
0
0
0
0
0
0
0
0
0
0
0
0
0
5.5129
13.592
14.835
16.298
13.698
13.929
10.855
6.8741
2.0175
0.8417
0.5265
0
0
0
0
0
0
0
0
0
0
0
0
0
5.0018
7.8204
14.371
16.063
14.48
16.855
9.4852
4.1215
0.5202
1.7005
0.6997
0
0
0
0
0
0
0
0
0
0
0
0
0
5.847
13.618
19.777
20.643
14.534
8.6272
9.277
3.5763
2.0114
1.8436
0.6016
0
0
0
0
0
0
0
0
0
0
0
0
0
7.1283
14.329
17.62
18.825
18.93
16.312
12.282
7.0979
2.4628
1.1336
0.846
0
0
0
0
0
0
0
0
0
0
0
0
0
5.9693
9.5207
12.755
9.337
7.809
8.895
9.6233
6.3383
2.9556
1.5156
1.1295
0
0
0
0
0
0
0
0
0
0
0
0
0
9.4748
16.171
19.524
20.357
20.027
17.536
13.059
7.746
2.441
0.9238
0.6475
0
0
0
0
0
0
0
0
0
0
0
0
0
9.6582
15.752
18.678
20.007
19.771
17.394
13.023
7.813
2.6433
0.9142
0.6945
0
0
0
0
0
0
0
0
0
0
0
0
0
11.781
17.77
20.716
21.411
20.586
17.67
13.264
8.0691
2.7125
0.865
0.6573
0
0
0
0
0
0
0
0
0
0
0
0
0
8.555
15.813
18.981
19.647
17.58
15.878
12.274
8.1664
3.2047
1.063
0.8547
0
0
0
0
0
0
0
0
0
0
0
0
0
1.2835
2.86
4.9062
5.9766
6.7145
6.7514
5.9036
4.6282
3.1601
2.0027
0.7896
0
0
0
0
0
0
0
0
0
0
0
0
0.1269
11.273
16.919
19.518
21.475
20.517
17.679
13.395
8.3338
3.0623
0.9642
0.8986
0
0
0
0
0
0
0
0
0
0
0
0
0.214
10.371
16.036
20.105
21.029
19.897
18.01
13.923
8.621
3.1075
1.0394
0.8262
0
0
0
0
0
0
0
0
0
0
0
0
0.2519
11.91
17.681
20.627
21.688
21.398
18.669
14.209
8.7113
3.2818
0.9482
0.7622
0.1229
0
0
0
0
0
0
0
0
0
0
0
2.3233
8.7108
15.146
17.343
19.801
19.368
16.428
14.147
8.4567
3.5514
1.5819
1.019
0.1413
0
0
0
0
0
0
0
0
0
0
0
2.8939
1.5735
6.9306
7.6689
4.8112
7.586
9.2856
5.4783
5.5399
4.3992
1.7261
1.2974
0.2859
0
0
0
0
0
0
0
0
0
0
0
2.7331
12.105
15.834
17.13
16.462
14.171
14.261
12.683
8.0507
4.1375
1.7434
1.305
0.3467
0
0
0
0
0
0
0
0
0
0
0
5.4183
14.465
21.14
23.492
24.775
24.394
20.608
16.307
10.681
4.3447
1.4964
1.4581
0.2942
0
0
0
0
0
0
0
0
0
0
0
1.1732
2.8006
5.6809
3.9104
6.5445
6.4435
13.885
7.5739
6.6925
0.9066
1.3106
1.0617
0.3925
0
0
0
0
0
0
0
0
0
0
0
0.8726
1.1862
6.7226
12.536
3.2656
13.61
18.546
1.3529
7.8361
5.8813
2.5615
1.7928
0.8077
0
0
0
0
0
0
0
0
0
0
0
6.4673
14.529
19.617
23.376
23.399
23.737
20.772
16.461
10.999
4.6025
1.135
1.1186
0.5411
0
0
0
0
0
0
0
0
0
0
0
8.7592
12.215
6.8333
24.036
23.474
16.651
16.072
1.1013
7.1203
5.7308
2.8648
1.9867
0.6946
0
0
0
0
0
0
0
0
0
0
0
7.9105
15.439
19.44
22.465
24.281
23.807
21.386
16.962
11.387
4.8986
1.4759
1.2173
0.783
0
0
0
0
0
0
0
0
0
0
0
8.7237
16.462
21.47
24.663
25.743
25.208
22.428
17.94
11.817
5.093
1.1327
0.8627
0.5968
0
0
0
0
0
0
0
0
0
0
0
3.1494
5.945
9.0403
13.708
12.537
15.659
12.379
12.566
8.5926
5.9969
3.7191
2.2399
0.8434
0
0
0
0
0
0
0
0
0
0
0
10.877
18.32
23.067
25.874
26.647
25.812
23.043
18.465
12.294
5.5051
1.1626
0.9159
0.6939
0
0
0
0
0
0
0
0
0
0
0
8.7646
14.055
19.03
21.983
22.82
23.111
20.967
17.035
11.618
5.678
1.0557
0.9497
0.6947
0
0
0
0
0
0
0
0
0
0
0
8.5427
12.463
16.288
14.12
14.738
15.75
13.667
11.554
9.9715
6.5179
4.0739
2.4825
0.8245
0
0
0
0
0
0
0
0
0
0
0
8.084
8.089
11.297
16.192
15.085
18.031
15.022
14.238
11.93
5.8844
2.001
1.1657
0.9175
0
0
0
0
0
0
0
0
0
0
0.2551
10.109
18.056
21.218
23.518
23.414
21.257
19.911
17.301
11.736
6.2776
2.0198
1.5341
0.8855
0
0
0
0
0
0
0
0
0
0
0.2604
10.754
17.706
22.243
26.066
26.984
25.859
22.734
18.232
12.473
6.0159
1.3671
1.0698
0.9509
0
0
0
0
0
0
0
0
0
0
0.324
12.211
19.031
24.137
26.727
27.947
27.197
24.537
19.877
13.637
6.558
1.4321
0.9475
0.8148
0
0
0
0
0
0
0
0
0
0
0.5845
10.356
14.432
20.44
23.679
25.446
24.312
22.095
17.873
12.644
6.466
1.5393
1.1926
0.9523
0
0
0
0
0
0
0
0
0
0
0.5451
3.0427
7.7534
6.0522
6.6314
7.2354
9.5498
7.5902
10.183
7.4259
6.6785
4.3742
2.6527
1.2969
0
0
0
0
0
0
0
0
0
0
0.6685
5.1664
11.273
8.1034
12.842
12.403
14.272
10.624
9.7413
4.9983
6.0671
3.1684
2.2267
0.1923
0
0
0
0
0
0
0
0
0
0
0.3694
2.5651
11.747
4.4369
5.5762
9.7356
11.145
7.6076
2.5382
4.3483
5.193
4.2101
2.8858
1.3951
0.1771
0
0
0
0
0
0
0
0
0
2.243
13.575
20.334
24.313
26.869
27.808
26.899
24.144
19.886
13.694
6.9644
1.8366
1.1568
0.9394
0.1828
0
0
0
0
0
0
0
0
0
3.9828
12.44
18.836
22.258
25.777
26.346
25.072
23.054
19.539
13.803
7.1458
2.1967
1.5926
1.0813
0.2768
0
0
0
0
0
0
0
0
0
2.1288
8.3011
16.024
18.576
21.302
20.311
22.862
21.946
18.649
13.169
7.4531
2.8801
2.0724
1.4106
0.2352
0
0
0
0
0
0
0
0
0
0.387
0.8789
2.0108
4.1128
4.3614
4.0883
5.4999
5.8575
6.5361
4.6101
3.1717
1.8944
0.8591
0.9652
0.2025
0
0
0
0
0
0
0
0
0
6.0547
11.955
22.522
26.512
28.221
16.225
17.648
23.541
8.5082
3.5048
2.8384
0.8893
0.5519
0.2291
0
0
0
0
0
0
0
0
0
0
1.4317
2.5985
4.6472
4.814
5.9204
5.4607
8.7115
7.0473
7.3042
4.9838
2.4295
1.5843
1.8658
1.5683
0.5167
0
0
0
0
0
0
0
0
0
0.2398
6.5483
4.8585
6.0461
18.118
30.034
12
16.563
17.195
13.006
6.8767
5.0076
3.3018
0.2441
0.1378
0
0
0
0
0
0
0
0
0
5.5362
12.856
19.262
23.349
25.075
26.523
25.142
23.244
19.712
14.26
7.9811
2.3479
1.2596
1.1279
0.7245
0
0
0
0
0
0
0
0
0
5.5561
11.817
17.35
21.245
23.732
24.962
24.431
22.393
18.775
13.699
8.399
3.64
2.3811
1.5249
0.7106
0
0
0
0
0
0
0
0
0
6.3632
12.93
19.095
23.434
26.673
27.984
26.938
24.235
20.174
14.501
8.2536
3.0565
1.7917
1.3349
0.634
0
0
0
0
0
0
0
0
0
1.5848
3.5299
7.0495
9.5587
11.209
14.074
13.458
14.866
11.702
9.3347
7.1342
5.3985
3.6461
2.2008
0.7743
0
0
0
0
0
0
0
0
0
1.1953
2.9395
5.0474
6.202
7.9993
8.4435
9.7215
9.4491
8.8993
8.0473
6.3002
4.7688
3.2867
1.749
0.5374
0
0
0
0
0
0
0
0
0.2714
4.6779
2.8794
2.6339
4.5243
2.4609
1.3877
7.3665
15.203
13.69
10.816
8.9235
5.6082
3.3577
1.8833
0.8455
0
0
0
0
0
0
0
0
0
0.8653
1.9342
3.8929
6.4515
6.4782
5.5192
8.471
7.7611
5.8114
4.6556
5.361
3.9576
2.9389
2.2384
0.7806
0
0
0
0
0
0
0
0
0
0.6813
1.4853
1.3555
2.9822
5.4242
6.5961
9.0723
9.0368
8.0229
5.3597
4.5888
3.0116
1.9648
1.4231
0.942
0
0
0
0
0
0
0
0
0.4602
10.993
18.778
24.516
28.485
30.656
30.856
29.639
26.695
22.213
16.257
9.265
2.9916
1.0731
1.0597
0.7455
0
0
0
0
0
0
0
0
0.4922
11.417
18.182
23.254
27.107
27.427
28.164
27.108
24.262
19.852
14.861
9.0874
4.9623
2.5237
1.7919
1.0218
0
0
0
0
0
0
0
0
0
1.8328
2.295
0.7584
1.0842
1.3736
5.8967
14.665
19.775
19.015
15.925
9.7049
4.8282
3.5326
1.6986
0.8716
0
0
0
0
0
0
0
0
0.1823
3.0098
3.8266
11.712
18.435
18.018
24.192
26.045
19.669
21.937
14.646
9.9653
5.0597
3.2483
2.4801
0
0
0
0
0
0
0
0
0
0.4246
1.4404
5.4231
5.8368
14.031
16.069
21.888
22.241
22.994
21.418
16.966
9.9177
4.4096
1.2742
0.9844
0.757
0.2435
0
0
0
0
0
0
0
0.3111
0.1808
0.6571
3.0815
4.2283
5.8409
7.5554
8.5026
9.0371
8.8969
6.9875
6.2224
5.3918
4.2062
2.2567
1.251
0
0
0
0
0
0
0
0
0.9029
3.126
1.7527
0.819
1.1524
1.4478
1.6714
7.9147
13.919
14.609
16.752
11.563
4.1841
2.3182
2.3517
1.542
0.1363
0
0
0
0
0
0
0
0.4758
1.3591
2.6652
3.3242
5.4734
8.1813
8.1759
9.6555
10.045
7.8965
5.6843
4.4232
3.3813
2.1197
1.4039
0.523
0
0
0
0
0
0
0
0
0.7556
4.8089
3.1893
3.9713
18.759
9.651
9.4473
4.6588
1.8599
8.6708
13.377
7.2649
6.1958
4.094
2.4747
0.8606
0.1877
0
0
0
0
0
0
0
1.345
2.5119
2.3061
1.0815
4.9441
1.4112
4.0073
11.835
13.532
12.801
15.873
10.563
6.2253
3.7838
2.7075
1.7893
0.4985
0
0
0
0
0
0
0
0.6202
1.1634
2.4229
4.4496
6.4698
9.1999
7.1774
9.6613
10.469
7.2817
8.3298
6.9364
5.8962
3.5864
1.8251
0.168
0
0
0
0
0
0
0
0
3.1881
3.7033
12.599
13.13
16.913
16.676
23.691
25.461
20.376
18.106
13.747
10.156
5.8061
4.2229
2.8857
1.5074
0.4902
0
0
0
0
0
0
0
1.4358
6.8408
13.269
15.696
12.339
9.7872
13.036
13.603
11.504
12.269
12.993
10.748
5.9166
3.424
1.894
1.4643
0.665
0
0
0
0
0
0
0
2.1612
5.0885
9.5396
10.789
13.027
11.449
9.2116
11.057
8.0247
6.357
4.3371
4.0481
2.6604
1.3615
0.5144
0.2141
0.2684
0
0
0
0
0
0
0
4.9561
11.662
16.804
22.244
25.911
28.008
28.278
27.027
24.497
20.907
16.197
10.586
5.3046
2.462
1.9537
1.3513
0.6144
0
0
0
0
0
0
0
4.1876
8.577
14.863
19.379
22.241
21.581
21.323
21.224
19.79
17.758
14.248
9.9097
6.8812
3.5382
3.188
1.4482
0.5074
0
0
0
0
0
0
0
2.6807
4.2253
6.8661
4.8495
8.1908
7.2758
8.1917
10.806
12.302
12.758
12.76
9.5879
6.7568
2.9406
1.943
0.9955
0.5345
0
0
0
0
0
0
0.1605
6.2274
13.762
20.545
25.79
29.391
31.302
31.506
30.199
27.379
23.39
17.87
11.232
4.6748
1.2783
1.1709
0.9467
0.6468
0
0
0
0
0
0
0.1784
5.6703
12.22
18.265
23.422
27.036
29.359
29.733
28.734
26.018
22.48
17.507
11.205
4.7518
1.2149
1.0501
0.8602
0.5664
0
0
0
0
0
0
0.2213
7.0741
14.892
21.415
26.566
29.901
31.461
31.668
30.499
27.844
23.761
18.211
11.547
4.8751
1.179
0.9487
0.9028
0.5829
0
0
0
0
0
0
0.666
7.7159
15.639
22.333
27.461
30.94
32.597
32.8
31.333
28.473
24.104
18.511
11.734
4.956
1.2136
1.0241
0.8897
0.7148
0
0
0
0
0
0
0.5236
7.7798
15.584
22.106
27.154
30.59
32.24
32.428
31.042
28.317
24.261
18.767
12.022
5.1478
1.1782
1.0774
0.8506
0.6089
0
0
0
0
0
0
0.4948
7.5469
15.19
21.568
26.652
30.085
31.708
31.868
30.561
27.908
24.013
18.572
12.02
5.3278
1.288
1.0128
0.9049
0.6291
0
0
0
0
0
0
0.6812
6.4197
13.166
19.075
23.611
27.173
29.071
29.284
28.312
25.701
22.262
17.336
11.254
5.1123
1.3988
1.267
0.9569
0.7564
0
0
0
0
0
0
0.4811
6.3281
10.007
17.434
14.228
16.477
20.318
26.586
29.655
27.895
21.962
15.198
11.393
6.908
4.8819
3.0915
1.581
0.7663
0
0
0
0
0
0
0.6974
1.3232
4.4118
5.8786
11.25
21.829
21.419
22.544
22.328
19.933
14.398
14.798
11.274
7.1322
4.3795
2.9631
1.9598
0.5998
0
0
0
0
0
0
0.4584
8.121
16.616
22.427
28.061
29.033
30.737
29.97
14.712
14.963
11.23
8.4011
8.8607
6.7498
3.8078
3.3451
1.3076
0.396
0
0
0
0
0
0
0.2445
0.3091
1.141
7.0462
6.0492
4.4682
10.17
3.1051
10.392
18.244
18.749
19.648
11.163
6.615
3.2135
1.4146
1.0053
0.8336
0.1361
0
0
0
0
0
0.5904
6.5349
13.339
19.212
25.474
29.237
30.5
31.746
16.961
15.553
13.924
12.043
9.2345
6.8488
4.9071
3.6542
2.1823
0.9635
0
0
0
0
0
0
0.4967
8.0678
16.139
22.96
27.521
31.114
32.925
32.359
15.304
15.765
13.459
10.012
8.0289
6.3609
4.1442
2.8768
1.557
0.8061
0
0
0
0
0
0
0.5114
9.3081
17.103
24.033
28.225
29.783
29.607
34.911
11.573
13.637
14.199
10.957
7.7668
6.5466
5.0029
3.3154
1.6715
0.858
0
0
0
0
0
0
0
0.4433
1.6008
2.2111
3.8273
5.1114
5.9235
6.5536
7.4843
5.9809
5.8668
7.2917
7.1061
5.3828
4.9339
3.5134
1.4944
0.4929
0
0
0
0
0
0
0.3189
0.9724
2.0995
3.3282
4.7843
5.9315
7.1737
7.9371
8.7756
8.7328
8.3725
7.3988
6.592
5.5949
4.18
2.9736
1.6697
0.6609
0.1495
0
0
0
0
0
0.364
0.5966
1.8743
1.2507
3.1772
3.162
8.4696
13.097
15.801
17.844
14.671
12.12
10.767
7.3683
4.4013
2.1138
1.6898
0.8768
0.4885
0
0
0
0
0
0.5454
5.9484
12.293
19.934
24.799
26.903
27.289
27.169
25.093
22.891
21.835
16.813
11.889
6.8026
3.2096
2.2215
1.4102
1.0233
0.4419
0
0
0
0
0
0.735
2.9482
13.558
18.428
26.932
26.136
27.687
24.43
16.374
12.17
7.1792
6.4363
4.8734
4.3863
1.7029
0.6053
0.3204
0
0
0
0
0
0
0
0.6537
9.3087
14.6
17.816
20.696
19.317
20.458
9.9596
9.6631
8.9201
16.576
10.953
9.5964
7.6032
5.1643
2.198
1.3671
0.127
0
0
0
0
0
0
0.7071
7.3163
14.234
20.483
25.643
29.135
30.94
31.376
30.372
27.673
23.681
18.604
12.529
6.2514
1.8967
1.5736
1.2568
0.8567
0.4571
0
0
0
0
0
0.7225
7.4945
14.354
20.372
25.084
28.368
30.535
30.874
29.457
27.204
23.562
18.425
12.51
6.3687
1.977
1.6368
1.5841
1.0208
0.4842
0
0
0
0
0
0.6494
8.1721
14.958
20.998
25.754
29.062
30.737
30.882
29.66
27.337
23.759
18.848
12.713
6.28
1.7067
1.1202
1.0489
0.7879
0.5134
0
0
0
0
0
0.5561
9.8599
17.711
24.113
29.904
32.279
31.986
31.89
17.91
17.446
15.9
13.052
10.677
8.0927
5.4112
3.8072
2.4438
1.2822
0.4336
0
0
0
0
0
0.6736
1.3548
3.0105
5.8475
10.464
11.36
12.744
13.646
14.201
13.443
12.767
9.9025
8.9631
7.1315
5.32
3.394
1.4563
0.4001
0
0
0
0
0
0
0.6397
2.3044
2.156
1.1104
1.1226
4.1617
4.8472
4.2119
9.2007
6.6645
12.005
15.071
11.385
6.9035
4.1596
3.1147
1.5368
1.2064
0.4027
0
0
0
0
0
0.6213
8.6316
16.761
21.137
23.154
24.666
27.875
26.696
24.931
20.615
20.401
16.697
12.221
7.5657
5.3719
3.9403
2.5088
1.2408
0.4352
0
0
0
0
0
0.8311
3.714
7.5009
8.6378
11.73
12.974
11.086
15.869
14.874
16.095
19.284
14.687
11.923
6.8343
2.7898
2.2885
1.2649
1.2226
0.5931
0
0
0
0
0
0.4291
0.7511
2.512
2.9629
5.7773
6.0694
4.7145
6.8128
5.4214
7.297
9.6707
9.5686
5.99
6.6564
4.0026
3.3657
2.0665
0.7804
0.4294
0
0
0
0
0
0.2992
0.9194
1.9569
2.9553
3.8893
5.0021
5.8942
6.7832
6.9355
7.3511
6.79
6.4316
5.8892
4.8599
3.664
2.6413
1.6597
0.7151
0.2163
0
0
0
0
0
0.3376
1.1579
2.7259
4.944
7.5821
8.5438
8.8261
10.482
10.471
9.831
11.071
7.3434
6.5969
3.3218
1.8774
0.6135
0.3496
0
0
0
0
0
0
0
0.7317
7.2659
13.829
20.02
25.304
28.903
30.58
30.725
29.353
26.942
23.128
18.329
12.662
6.6032
2.475
1.957
1.5515
1.0361
0.5149
0
0
0
0
0
0.7208
6.9482
13.15
19.243
24.377
27.677
30.058
30.232
29.187
26.691
23.052
18.479
12.654
6.6663
2.3213
1.6603
1.6218
1.079
0.4808
0
0
0
0
0
0.6858
6.3418
11.374
16.721
20.393
24.428
27.624
28.46
27.771
25.765
23.073
18.591
12.677
6.6462
2.1262
1.4209
1.0592
0.8886
0.5755
0
0
0
0
0
0.8519
1.7126
5.075
2.82
4.6337
7.3036
3.3134
2.3421
9.1925
8.1324
9.2396
7.6175
8.5684
7.0552
4.2715
3.7408
2.3171
1.2223
0.4396
0
0
0
0
0
0.4763
1.1053
2.659
2.8739
3.313
5.446
7.5393
8.5731
8.0786
7.8302
6.7397
5.1884
5.2243
3.5739
3.0447
2.6958
0.9266
0.4983
0
0
0
0
0
0
0.3506
0
0.3396
0.6182
0.9273
2.2572
18.616
11.192
20.176
16.972
18.454
21.411
6.6553
7.7209
4.7777
3.4181
2.3046
0
0
0
0
0
0
0
0.5487
8.5686
16.01
22.389
27.44
30.913
32.773
33.003
31.997
29.427
25.43
20.09
13.604
6.7572
1.7256
1.0259
1.0605
0.8279
0.4755
0
0
0
0
0
0.6834
6.7936
12.302
18.525
24.207
28.376
30.339
30.484
29.469
27.059
23.401
18.399
12.744
7.1343
2.8935
2.2212
1.352
0.9189
0.4982
0
0
0
0
0
0.6777
6.8893
12.898
19.072
24.316
28.099
30.337
30.902
29.812
27.191
23.858
19.015
12.913
6.8048
2.2835
1.7383
1.6139
1.075
0.4952
0
0
0
0
0
0.7401
2.7888
6.5448
8.5063
13.283
19.794
23.893
22.433
22.674
21.86
18.992
15.736
11.166
7.4151
2.4938
1.1067
0.9822
0.8302
0.5496
0
0
0
0
0
0.8042
4.3261
2.1581
1.47
2.4245
6.5997
30.938
34.079
30.371
28.443
22.467
13.102
4.292
7.2962
3.6738
2.9432
2.0979
1.482
0.5642
0
0
0
0
0
0.3797
0.8543
2.6189
4.5069
6.6027
10.126
13.386
11.88
12.215
9.8973
9.8049
8.2614
8.0202
5.4382
4.5624
3.1282
1.0484
0.1325
0.1446
0
0
0
0
0
0.5884
7.1297
15.563
22.121
23.151
29.833
30.63
32.672
8.8552
5.5172
9.3766
8.0307
9.1338
6.7431
5.2377
3.7317
2.0379
1.4804
0.5583
0
0
0
0
0
0.5024
2.0575
5.6271
5.209
6.8662
9.6803
11.983
12.59
12.574
11.32
12.511
8.7066
7.6106
5.725
4.7241
3.464
0.9835
0.3711
0
0
0
0
0
0
0.5112
2.2491
3.7262
8.1666
7.6329
10.001
19.04
17.751
17.239
17.825
16.225
13.225
9.9663
7.8888
5.3605
3.8016
2.3263
1.1626
0.4085
0
0
0
0
0
0.381
2.9664
5.7786
10.158
11.407
16
14.729
15.349
19.193
20.271
15.296
14.279
11.133
8.1276
4.2301
1.7455
1.1411
0.9389
0.5452
0
0
0
0
0
0.522
8.3368
15.923
22.59
27.529
31.026
32.785
33.059
31.987
29.435
25.588
20.308
13.72
6.7094
1.63
1.0922
0.8939
0.7593
0.4472
0
0
0
0
0
0
0.2505
0.5098
0.812
1.1951
1.5635
2.07
2.2845
2.3328
2.4248
2.562
2.3687
2.014
1.7157
1.3582
0.9904
0.5245
0.1973
0
0
0
0
0
0
0.2247
0.8977
1.4021
2.4864
3.6631
4.1642
6.8945
7.1796
8.5064
6.8008
6.5881
7.1488
5.2036
3.1896
2.3941
1.3058
1.1609
0.3092
0
0
0
0
0
0
0.4943
6.38
13.988
20.462
26.677
30.316
32.242
30.9
16.999
14.545
12.664
11.53
9.4014
7.0122
5.2659
3.653
2.3014
1.0853
0.2781
0
0
0
0
0
0.1606
1.0721
2.3955
3.002
3.4234
5.9306
5.8467
8.6151
9.0098
7.074
8.5829
6.4565
5.9091
4.3018
3.8393
3.3045
1.6606
0.6122
0
0
0
0
0
0
0.5453
5.7262
12.452
18.639
22.78
23.407
27.286
27.422
27.288
24.991
21.296
16.37
11.783
6.638
2.7662
1.5988
1.2006
0.7788
0.1689
0
0
0
0
0
0.453
2.6884
6.2856
12.574
16.561
19.768
24.353
26.734
26.26
25.38
22.684
17.132
11.834
6.5333
2.0294
1.7855
1.0861
0.7774
0.2397
0
0
0
0
0
0.531
4.4047
9.5304
14.608
18.941
22.067
24.327
26.536
24.794
23.28
21.848
17.823
12.794
6.6438
1.9861
1.799
1.1735
1.0621
0.2074
0
0
0
0
0
0.3384
1.465
2.8427
3.9935
6.879
9.4549
12.101
13.976
14.654
12.168
11.946
10.897
8.5639
6.5948
5.0293
2.8792
1.3917
0.4144
0
0
0
0
0
0
0.5171
5.8914
11.877
1.9799
0.9685
12.782
9.7503
17.697
14.254
5.458
1.9801
5.4905
12.016
7.4625
1.3773
1.3513
1.0978
0.8338
0.3319
0
0
0
0
0
0.1711
5.187
12.419
19.069
24.144
27.615
29.615
30.283
29.388
27.287
23.772
18.685
12.462
5.7905
1.3148
1.0632
0.843
0.6552
0
0
0
0
0
0
0
3.4588
5.861
7.5382
13.247
15.564
14.079
22.342
23.234
19.921
17.028
15.476
9.9479
6.5315
4.989
3.3971
1.9917
0.5518
0
0
0
0
0
0
0.1371
3.9785
8.856
13.819
18.165
22.099
24.064
26.967
26.155
22.369
19.924
17.103
11.449
6.0543
3.4014
3.2678
1.9924
0.826
0
0
0
0
0
0
0
3.8348
8.9273
13.355
17.207
21.292
23.821
25.731
24.532
22.937
19.831
15.897
10.981
6.0721
2.0059
1.7267
1.1328
0.6732
0
0
0
0
0
0
0
3.3527
8.8104
13.934
17.483
21.621
24.347
25.349
24.16
23.534
20.367
15.906
10.957
6.2925
2.4752
1.3564
1.2493
0.8344
0
0
0
0
0
0
0
3.7259
10.075
14.606
18.298
22.486
25.575
26.242
26.103
24.634
21.212
16.551
11.113
5.3275
1.6766
1.1498
0.873
0.7174
0
0
0
0
0
0
0
3.2745
9.021
13.743
19.669
22.417
26.431
26.339
23.679
22.175
20.136
16.172
11.015
5.4944
1.5849
1.5977
1.1283
0.6185
0
0
0
0
0
0
0
0.8449
1.7484
4.2569
6.6565
8.7148
11.636
12.508
14.062
12.732
11.858
9.4246
8.4785
6.4561
4.6516
3.4139
1.8592
0.5908
0
0
0
0
0
0
0
0.7614
1.8307
4.1371
8.3533
10.071
11.482
12.007
12.554
11.782
10.536
9.4319
7.7161
6.2094
4.3466
2.8102
1.6865
0.5807
0
0
0
0
0
0
0
0.6059
2.0426
4.1825
6.5222
8.8118
11.575
12.865
12.383
11.765
10.47
9.5051
8.2283
6.2197
4.2683
2.8919
1.4463
0.4651
0
0
0
0
0
0
0
0.7199
2.5269
4.4673
7.8675
10.007
12.336
13.731
12.593
10.547
9.5357
8.2267
6.8584
5.8229
4.494
2.7662
1.3852
0.4001
0
0
0
0
0
0
0
0.6036
6.3228
10.697
15.077
18.487
20.419
21.081
20.49
18.741
17.097
14.141
10.175
6.1837
3.375
3.0309
1.747
0.5242
0
0
0
0
0
0
0
0.4338
1.5493
2.9778
4.6961
6.117
7.5818
8.2283
9.3575
9.7365
9.182
8.3834
7.3081
5.8376
4.3474
2.9357
1.5091
0.488
0
0
0
0
0
0
0
0.7322
9.7763
16.264
21.249
25.222
27.162
27.519
26.687
24.976
21.267
16.642
10.459
4.6289
1.6286
1.3644
0.9854
0.5606
0
0
0
0
0
0
0
0.5638
11.327
18.68
24.193
28.257
30.481
31.037
30.023
27.527
23.757
18.291
11.557
4.7252
1.2112
1.045
0.8073
0.5263
0
0
0
0
0
0
0
0.5578
3.2662
2.3811
3.047
5.4912
2.9481
12.637
17.707
17.588
16.707
19.186
10.944
5.3934
2.5106
1.177
0.94
0.5821
0
0
0
0
0
0
0
0.5273
10.738
17.938
23.455
27.486
29.685
30.257
29.29
26.575
22.595
17.132
10.773
4.2254
1.3688
1.1767
0.8815
0.5081
0
0
0
0
0
0
0
0.3186
1.3056
2.4511
3.6588
5.0291
6.4459
7.1046
8.8912
7.6587
6.7189
6.7043
5.5735
3.7228
2.3607
1.566
0.5464
0
0
0
0
0
0
0
0
0.4205
4.0828
12.102
19.361
26.138
19.775
26.741
17.004
7.3119
8.8352
7.1444
8.2382
5.1453
2.7473
1.143
0.8607
0.1818
0
0
0
0
0
0
0
0.4503
2.6816
6.3644
9.8961
11.365
12.208
14.672
16.164
13.887
11.86
12.709
8.1046
5.8104
3.7882
1.9856
0.8921
0
0
0
0
0
0
0
0
0.2981
1.2767
3.4443
5.7272
7.2667
8.6727
9.7434
10.34
10.622
10.683
9.379
7.243
5.5561
3.545
2.0664
0.7535
0
0
0
0
0
0
0
0
0
1.3724
2.3139
3.0601
5.342
6.8172
7.278
9.8992
9.8928
9.9497
8.4
5.9285
4.2841
2.7757
1.603
0.5835
0
0
0
0
0
0
0
0
0
0.9235
5.0134
6.0717
10.61
11.648
12.804
18.301
18.562
19.174
17.966
10.147
3.8013
2.1151
1.7591
0.941
0
0
0
0
0
0
0
0
0
0.5166
1.4104
2.4837
3.1519
3.9617
4.3192
3.9631
4.2194
4.3269
4.3025
4.2819
3.482
2.5024
1.4722
0.6683
0
0
0
0
0
0
0
0
0
0.428
1.1168
1.4513
2.2264
2.8194
3.1921
3.4672
4.385
4.5461
3.8634
3.8206
2.8279
1.8507
0.9553
0.4016
0
0
0
0
0
0
0
0
0
0.2814
1.0396
1.5368
1.9648
2.681
3.1663
4.1049
4.0213
3.9876
3.7986
3.2369
2.3889
1.3213
0.7132
0.2842
0
0
0
0
0
0
0
0
0
0.7769
1.2185
3.4848
5.1532
7.4216
9.2659
11.77
7.4644
6.9932
7.9604
7.3704
5.0003
3.35
2.1745
0.9416
0
0
0
0
0
0
0
0
0
4.5027
7.664
10.671
12.448
18.155
23.344
27.345
24.862
7.0876
1.2403
1.0539
1.5531
0.5414
2.041
0.8031
0
0
0
0
0
0
0
0
0
5.0421
12.947
20.223
21.97
22.57
21.612
17.848
16.642
17.08
13.27
8.6565
3.9404
2.748
2.2214
0.7178
0
0
0
0
0
0
0
0
0
5.1605
7.9623
12.955
17.419
21.748
24.379
24.115
21.908
19.458
14.159
8.5186
3.2147
1.3673
1.7288
0.8513
0
0
0
0
0
0
0
0
0
4.8272
11.753
17.318
19.677
21.83
24.098
24.225
21.729
18.416
13.451
8.1028
3.7452
2.4762
1.4721
0.6293
0
0
0
0
0
0
0
0
0
3.5939
6.7772
12.189
15.872
19.701
18.964
17.169
16.664
14.622
11.42
7.9371
5.1335
3.5026
2.0322
0.6939
0
0
0
0
0
0
0
0
0
1.334
2.4217
6.5531
10.362
10.973
13.64
14.593
11.844
11.732
9.546
7.6711
4.1437
2.4836
1.3761
0.8456
0
0
0
0
0
0
0
0
0
1.3926
5.1105
7.0654
8.6527
8.1807
9.4196
7.9375
11.056
9.734
6.3659
4.9741
2.3344
1.8727
1.0373
0
0
0
0
0
0
0
0
0
0
1.5106
11.996
11.928
10.17
11.838
20.688
19.461
18.765
12.669
8.6381
6.0617
3.3658
2.3195
0.2008
0
0
0
0
0
0
0
0
0
0
0.7975
3.8978
7.3338
11.901
11.491
16.27
18.116
17.71
15.743
12.462
7.5294
3.1239
1.7667
1.4991
0.649
0
0
0
0
0
0
0
0
0
0.7616
12.902
17.502
20.866
24.461
25.534
24.466
21.398
18.424
13.246
7.2327
1.9795
1.4968
1.3419
0.2881
0
0
0
0
0
0
0
0
0
0.5879
8.8084
13.849
17.481
20.496
20.998
20.469
18.587
15.794
11.858
7.2553
3.3098
2.4267
1.4309
0.2375
0
0
0
0
0
0
0
0
0
0.6423
12.893
18.402
22.872
25.502
26.572
25.348
23.084
19.025
13.482
6.8308
1.6045
1.0074
0.836
0.2082
0
0
0
0
0
0
0
0
0
0
0.4531
2.2428
2.3512
3.7302
2.5942
2.5528
3.042
14.374
10.809
6.4535
4.1383
2.8628
1.1411
0
0
0
0
0
0
0
0
0
0
0
0.1735
0.4718
0.7982
1.0914
1.3249
6.4036
25.24
21.002
11.455
6.7854
2.9786
2.6766
1.6633
0.4507
0
0
0
0
0
0
0
0
0
0.5342
12.045
18.068
22.616
25.091
26.017
24.877
22.06
18.096
12.474
6.1654
1.6315
1.2409
0.88
0
0
0
0
0
0
0
0
0
0
0
0.1395
2.2777
19.35
25.674
7.8456
13.688
22.042
14.03
7.9634
6.8013
3.9359
1.4136
1.1578
0
0
0
0
0
0
0
0
0
0
0.2938
10.829
15.514
17.651
20.412
24.529
22.836
20.326
16.064
11.279
6.1528
2.6195
1.396
0.8712
0
0
0
0
0
0
0
0
0
0
0.1765
9.5384
16.67
22.109
24.723
25.53
24.442
20.782
16.785
11.42
5.9036
2.3293
1.813
0.8638
0
0
0
0
0
0
0
0
0
0
0
2.5456
3.6606
5.9193
7.0294
7.6972
7.719
8.8662
7.9952
5.8629
4.8536
3.7299
2.2849
0.8468
0
0
0
0
0
0
0
0
0
0
0
7.5941
12.957
17
18.533
19.901
17.961
15.697
13.503
9.9588
5.7525
3.7361
2.3576
0.9644
0
0
0
0
0
0
0
0
0
0
0
11.215
18.434
23.071
25.345
25.96
24.82
22.168
17.728
11.713
5.1122
1.1156
0.8886
0.6622
0
0
0
0
0
0
0
0
0
0
0
8.7102
14.263
18.616
21.292
21.87
21.171
19.608
15.475
10.47
4.9402
2.1584
1.2955
0.6941
0
0
0
0
0
0
0
0
0
0
0
7.9068
12.583
21.217
24.322
22.792
14.888
16.655
14.607
10.232
5.4679
3.3387
1.7403
0.925
0
0
0
0
0
0
0
0
0
0
0
0.1489
0.4454
0.6285
0.9354
1.6192
2.5436
2.5373
13.583
9.7279
5.1697
2.5196
1.5891
0.7047
0
0
0
0
0
0
0
0
0
0
0
0.5112
1.2679
2.1671
2.9908
3.8684
4.4018
4.708
3.7441
3.8676
3.1302
2.4683
1.2734
0.4608
0
0
0
0
0
0
0
0
0
0
0
3.7725
1.772
4.0032
4.9025
5.9396
3.0143
5.2431
5.3222
6.9124
5.0298
3.3247
1.6325
0.5811
0
0
0
0
0
0
0
0
0
0
0
1.7773
6.297
11.192
12.848
8.4181
9.8171
7.0954
7.2772
6.8402
4.1773
1.5674
0.5138
0
0
0
0
0
0
0
0
0
0
0
0
0.6719
0.2899
5.5718
3.8085
6.8208
8.9469
9.5578
9.8828
5.3919
4.7766
3.1597
1.7785
0
0
0
0
0
0
0
0
0
0
0
0
5.0787
7.2609
7.3639
6.809
6.7873
12.942
12.877
12.709
9.4641
3.9888
1.3677
1.0751
0.4007
0
0
0
0
0
0
0
0
0
0
0
1.9775
2.5545
2.3162
4.2502
6.5595
5.8304
6.5819
3.9109
3.6065
3.3609
2.5308
1.5296
0.1553
0
0
0
0
0
0
0
0
0
0
0
3.2419
7.0044
9.7139
10.026
12.583
12.644
9.5978
8.1736
5.881
4.4937
2.8077
1.2797
0
0
0
0
0
0
0
0
0
0
0
0
0.2068
0.6296
2.2979
2.7383
2.5118
1.3375
2.0619
13.314
8.7858
3.0103
1.0151
0.8374
0
0
0
0
0
0
0
0
0
0
0
0
0
0.2506
0.5616
0.8494
1.0763
1.8051
2.2133
11.87
7.6749
4.5926
2.8496
1.3714
0
0
0
0
0
0
0
0
0
0
0
0
5.5991
15.31
20.172
23.013
24.138
22.769
19.957
15.021
8.7985
2.7212
0.9374
0.8023
0
0
0
0
0
0
0
0
0
0
0
0
2.2628
3.7641
8.2258
7.0455
16.559
18.245
12.646
13.025
7.9468
4.1092
2.6642
1.3036
0
0
0
0
0
0
0
0
0
0
0
0
0.3702
1.6372
3.0999
4.062
5.0295
5.4585
5.4182
5.0867
4.0749
2.8174
1.8435
0.7498
0
0
0
0
0
0
0
0
0
0
0
0
1.2196
3.6103
6.6538
8.0439
10.499
10.767
9.4238
7.4999
6.1345
4.1154
2.4064
1.0132
0
0
0
0
0
0
0
0
0
0
0
0
0.3518
11.867
15.92
20.062
20.263
18.425
16.772
11.772
7.3081
2.4079
1.2865
0.7578
0
0
0
0
0
0
0
0
0
0
0
0
0.2697
9.3422
13.766
16.144
16.744
16.822
13.672
10.684
6.7593
3.298
1.6766
0.759
0
0
0
0
0
0
0
0
0
0
0
0
0.1801
1.1171
3.6611
3.9917
9.4806
7.6673
8.8746
6.9657
6.4116
3.5448
1.8349
1.1492
0
0
0
0
0
0
0
0
0
0
0
0
0
2.6802
2.3806
2.7439
5.9754
13.048
12.347
12.018
6.5238
2.097
1.2542
1.1934
0
0
0
0
0
0
0
0
0
0
0
0
0
4.3959
3.3841
8.0534
14.232
11.718
10.513
8.5586
6.2869
2.2948
1.1837
0.7938
0
0
0
0
0
0
0
0
0
0
0
0
0
12.867
18.525
21.239
22.276
21.152
17.571
12.741
6.738
1.5182
0.8707
0.5852
0
0
0
0
0
0
0
0
0
0
0
0
0
0
0.3937
0.6738
0.8915
1.0342
1.2771
9.9852
5.9023
2.4798
1.2746
0.5757
0
0
0
0
0
0
0
0
0
0
0
0
0
8.64
16.566
18.863
20.897
19.869
15.574
11.136
5.7292
1.6403
1.0574
0.3241
0
0
0
0
0
0
0
0
0
0
0
0
0
7.8168
12.859
17.045
16.724
15.176
13.842
10.179
5.7867
1.9601
0.9629
0.4199
0
0
0
0
0
0
0
0
0
0
0
0
0
0.5872
1.9395
4.384
5.5979
5.0681
6.0408
8.2737
4.5767
2.8923
1.4984
0.1846
0
0
0
0
0
0
0
0
0
0
0
0
0
0
1.2609
2.3566
15.033
10.708
11.939
7.68
4.9935
2.8671
1.5868
0
0
0
0
0
0
0
0
0
0
0
0
0
0
9.0747
11.806
15.591
12.708
14.849
10.168
7.3507
4.9035
2.7648
1.4114
0
0
0
0
0
0
0
0
0
0
0
0
0
0
6.254
11.467
18.19
19.603
19.17
15.332
10.055
4.8524
1.2963
0.7236
0.1563
0
0
0
0
0
0
0
0
0
0
0
0
0
4.6507
7.1003
9.3337
12.455
10.782
9.4597
8.7097
4.672
1.4271
1.3644
0
0
0
0
0
0
0
0
0
0
0
0
0
0
7.4857
12.565
18.732
15.764
14.214
15.589
9.9231
4.4894
1.9333
0.9958
0
0
0
0
0
0
0
0
0
0
0
0
0
0
0.428
1.4127
2.2226
3.156
3.347
3.4592
2.1818
1.9165
1.358
0.615
0
0
0
0
0
0
0
0
0
0
0
0
0
0
1.3719
4.4041
7.3769
9.1815
8.365
6.7094
5.2065
3.6861
2.224
0.888
0
0
0
0
0
0
0
0
0
0
0
0
0
0
7.3569
16.884
20.409
21.336
19.535
15.767
10.288
4.1439
1.0649
0.6649
0
0
0
0
0
0
0
0
0
0
0
0
0
0
3.3373
9.3886
11.927
12.838
11.301
9.9284
7.5817
3.695
1.7322
0.7603
0
0
0
0
0
0
0
0
0
0
0
0
0
0
6.4637
16.44
15.806
6.6846
5.9872
3.3722
1.8554
1.5658
1.7943
0.6846
0
0
0
0
0
0
0
0
0
0
0
0
0
0
0.2384
0.8511
3.8822
5.7873
7.5149
13.64
9.7715
3.7274
1.0402
0.5983
0
0
0
0
0
0
0
0
0
0
0
0
0
0
0.2812
1.0923
2.3456
2.6522
3.2731
2.6886
3.0245
1.6585
1.0589
0.3348
0
0
0
0
0
0
0
0
0
0
0
0
0
0
0
1.1114
0.2805
2.0989
2.5572
9.4541
8.4178
2.8846
1.1142
0.557
0
0
0
0
0
0
0
0
0
0
0
0
0
0
0
2.2869
1.2081
10.012
14.111
11.08
5.7951
2.6949
0.2278
0.2313
0
0
0
0
0
0
0
0
0
0
0
0
0
0
0
0.3593
0.8945
0.5365
1.3993
1.7677
8.0543
2.5293
0.8819
0.5275
0
0
0
0
0
0
0
0
0
0
0
0
0
0
0
0.4937
0.2869
2.322
2.3263
2.1028
6.9135
2.3504
0.9357
0.2858
0
0
0
0
0
0
0
0
0
0
0
0
0
0
0
0
0.2787
0.5021
0.5593
0.5802
5.6704
2.7405
1.3663
0.1764
0
0
0
0
0
0
0
0
0
0
0
0
0
0
0
0
0.5882
1.0744
1.5569
0.8365
6.7893
2.1792
0.9185
0.1661
0
0
0
0
0
0
0
0
0
0
0
0
0
0
0
0.5318
1.432
2.2161
2.6742
2.6403
2.2293
1.6149
0.8391
0
0
0
0
0
0
0
0
0
0
0
0
0
0
0
0
4.6905
2.8071
8.8209
11.511
11.831
7.1737
1.9889
0.8262
0.171
0
0
0
0
0
0
0
0
0
0
0
0
0
0
0
0.2623
0.7684
1.1821
1.3151
1.4151
1.1918
0.8934
0.3773
0
0
0
0
0
0
0
0
0
0
0
0
0
0
0
0
5.0493
9.6437
10.539
8.6412
7.2223
4.3256
2.2608
1.1035
0
0
0
0
0
0
0
0
0
0
0
0
0
0
0
0
2.3711
5.9229
9.3085
9.9933
9.0919
3.7639
1.0827
0
0
0
0
0
0
0
0
0
0
0
0
0
0
0
0
0
0
0.3202
0.5783
0.7293
0.6998
0.6006
0.426
0.1266
0
0
0
0
0
0
0
0
0
0
0
0
0
0
0
0
0
0.2553
0.568
0.4181
0.6177
4.7155
1.6581
0.9371
0
0
0
0
0
0
0
0
0
0
0
0
0
0
0
0
0.2971
1.2173
1.9221
2.2114
2.1664
1.4985
0.8532
0.3593
0
0
0
0
0
0
0
0
0
0
0
0
0
0
0
0
2.3983
4.7479
5.9891
5.7047
5.2349
3.0942
1.8276
0.7244
0
0
0
0
0
0
0
0
0
0
0
0
0
0
0
0
0.2079
0.8502
3.4104
6.5178
6.0041
4.5026
0.7392
0.2132
0
0
0
0
0
0
0
0
0
0
0
0
0
0
0
0
2.9129
9.6376
10.59
9.3864
7.96
4.5094
1.3119
0.6425
0
0
0
0
0
0
0
0
0
0
0
0
0
0
0
0
0.4187
1.4622
2.3293
2.7117
2.1886
1.4368
0.2401
0.1923
0
0
0
0
0
0
0
0
0
0
0
0
0
0
0
0
0
0.5393
0.9431
1.2923
1.3266
1.1354
0.7307
0.1698
0
0
0
0
0
0
0
0
0
0
0
0
0
0
0
0
0
0.1997
0.4588
0.5706
0.5894
0.5323
0.3107
0
0
0
0
0
0
0
0
0
0
0
0
0
0
0
0
0
0
0
0.8128
1.8326
3.0233
3.3588
1.3409
0.4412
0
0
0
0
0
0
0
0
0
0
0
0
0
0
0
0
0
4.38
9.5873
9.757
7.6533
3.5694
1.2318
0
0
0
0
0
0
0
0
0
0
0
0
0
0
0
0
0
0
0.7948
2.8817
2.5855
4.5289
1.885
1.1841
0
0
0
0
0
0
0
0
0
0
0
0
0
0
0
0
0
0
6.8627
8.8719
7.6547
5.2502
3.073
1.1392
0
0
0
0
0
0
0
0
0
0
0
0
0
0
0
0
0
0
5.0054
3.3756
3.0266
0.6416
3.2486
0.6494
0
0
0
0
0
0
0
0
0
0
0
0
0
0
0
0
0
0
6.9343
8.204
10.345
7.0428
3.0551
0.7391
0
0
0
0
0
0
0
0
0
0
0
0
0
0
0
0
0
0
2.1169
4.7083
7.4725
5.8484
2.4364
0.8876
0
0
0
0
0
0
0
0
0
0
0
0
0
0
0
0
0
0
2.3783
1.5045
1.7772
1.4121
1.0102
0.4955
0
0
0
0
0
0
0
0
0
0
0
0
0
0
0
0
0
0
3.4438
3.8349
3.7322
2.5418
1.4672
0.6955
0
0
0
0
0
0
0
0
0
0
0
0
0
0
0
0
0
0
4.7723
6.7467
4.6827
4.345
1.9093
0.7622
0
0
0
0
0
0
0
0
0
0
0
0
0
0
0
0
0
0
0.589
1.1602
1.6343
2.1102
1.4527
0.5836
0
0
0
0
0
0
0
0
0
0
0
0
0
0
0
0
0
0
0.4611
1.9286
0.8864
1.8913
1.6602
0.8482
0
0
0
0
0
0
0
0
0
0
0
0
0
0
0
0
0
0
0
0.1325
0.2472
0.2741
0.2079
0
0
0
0
0
0
0
0
0
0
0
0
0
0
0
0
0
0
0
1.782
1.837
5.5407
4.8097
2.4977
0.5811
0
0
0
0
0
0
0
0
0
0
0
0
0
0
0
0
0
0
1.4948
4.7888
5.7327
4.0896
1.8003
0.5142
0
0
0
0
0
0
0
0
0
0
0
0
0
0
0
0
0
0
0
0.411
0.8847
1.1167
0.63
0.2758
0
0
0
0
0
0
0
0
0
0
0
0
0
0
0
0
0
0
0
0.2375
0.3738
0.4292
0.3208
0
0
0
0
0
0
0
0
0
0
0
0
0
0
0
0
0
0
0
0.1873
0.5283
0.7527
0.6744
0.708
0.2001
0
0
0
0
0
0
0
0
0
0
0
0
0
0
0
0
0
0
0
0.5955
0.6809
0.8027
0.5406
0.1826
0
0
0
0
0
0
0
0
0
0
0
0
0
0
0
0
0
0
0
0.5345
0.878
0.6893
0.3772
0.1736
0
0
0
0
0
0
0
0
0
0
0
0
0
0
0
0
0
0
0
0.4135
2.1937
0.96
0.7212
0.3771
0
0
0
0
0
0
0
0
0
0
0
0
0
0
0
0
0
0
0
0.1534
0.1947
0.1346
1.6213
0.3189
0
0
0
0
0
0
0
0
0
0
0
0
0
0
0
0
0
0
0
2.299
1.6792
1.2862
0.3153
0
0
0
0
0
0
0
0
0
0
0
0
0
0
0
0
0
0
0
0
0
0.2742
2.0043
1.7706
0.3988
0
0
0
0
0
0
0
0
0
0
0
0
0
0
0
0
0
0
0
2.1843
5.7309
3.6062
1.3883
0
0
0
0
0
0
0
0
0
0
0
0
0
0
0
0
0
0
0
0
2.5162
2.7157
1.0025
0.7695
0.1592
0
0
0
0
0
0
0
0
0
0
0
0
0
0
0
0
0
0
0
0.4962
0.7609
0.9325
0.7985
0
0
0
0
0
0
0
0
0
0
0
0
0
0
0
0
0
0
0
0
0.3959
0.7897
0.5972
0.4337
0
0
0
0
0
0
0
0
0
0
0
0
0
0
0
0
0
0
0
0
0.3668
0.5953
0.621
0.4771
0
0
0
0
0
0
0
0
0
0
0
0
0
0
0
0
0
0
0
0
0
2.9893
3.238
0.8804
0
0
0
0
0
0
0
0
0
0
0
0
0
0
0
0
0
0
0
0
0.9531
2.9096
1.5467
0.3039
0
0
0
0
0
0
0
0
0
0
0
0
0
0
0
0
0
0
0
0
0.9271
2.4078
1.5749
0.4663
0
0
0
0
0
0
0
0
0
0
0
0
0
0
0
0
0
0
0
0
0.918
2.8641
2.5005
0.759
0
0
0
0
0
0
0
0
0
0
0
0
0
0
0
0
0
0
0
0
0.4141
1.5917
0.4144
0.4011
0
0
0
0
0
0
0
0
0
0
0
0
0
0
0
0
0
0
0
0
0.7184
1.4181
1.6281
0.8266
0
0
0
0
0
0
0
0
0
0
0
0
0
0
0
0
0
0
0
0
0.1344
0.2663
0.4683
0.2979
0
0
0
0
0
0
0
0
0
0
0
0
0
0
0
0
0
0
0
0
0.3942
1.5432
1.7936
0.821
0
0
0
0
0
0
0
0
0
0
0
0
0
0
0
0
0
0
0
0
0.4383
2.5378
2.5487
0.6722
0
0
0
0
0
0
0
0
0
0
0
0
0
0
0
0
0
0
0
0
0.118
0.3961
0.5243
0.2639
0
0
0
0
0
0
0
0
0
0
0
0
0
0
0
0
0
0
0
0
0
0
0
0
0
0
0
0
0
0
0
0
0
0
0
0
0
0
0
0
0
0
0
0
0.1247
0.6786
1.9282
0.5661
0
0
0
0
0
0
0
0
0
0
0
0
0
0
0
0
0
0
0
0
0.0895
1.6906
1.844
0.5945
0
0
0
0
0
0
0
0
0
0
0
0
0
0
0
0
0
0
0
0
0
0
0
0.6438
0
0
0
0
0
0
0
0
0
0
0
0
0
0
0
0
0
0
0
0
0.1754
1.2574
1.6887
0.1797
0
0
0
0
0
0
0
0
0
0
0
0
0
0
0
0
0
0
0
0
0
1.3278
1.2724
0.4759
0
0
0
0
0
0
0
0
0
0
0
0
0
0
0
0
0
0
0
0
0
1.392
1.664
0.5644
0
0
0
0
0
0
0
0
0
0
0
0
0
0
0
0
0
0
0
0
0
1.6153
1.6539
0
0
0
0
0
0
0
0
0
0
0
0
0
0
0
0
0
0
0
0
0
0
0.9759
0.3665
0.3599
0
0
0
0
0
0
0
0
0
0
0
0
0
0
0
0
0
0
0
0
0
1.4465
1.754
0.5601
0
0
0
0
0
0
0
0
0
0
0
0
0
0
0
0
0
0
0
0
0
1.4094
1.745
0.5576
0
0
0
0
0
0
0
0
0
0
0
0
0
0
0
0
0
0
0
0
0
0
0
0
0
0
0
0
0
0
0
0
0
0
0
0
0
0
0
0
0
0
0
0
0
0
0
0
0
0
0
0
0
0
0
0
0
0
0
0
0
0
0
0
0
0
0
0
0
0
0
0
0
0
0
0
0
0
0
0
0
0
0
0
0
0
0
0
0
0
0
0
0
0
0
0
0
0
0
0
0
0
0
0
0
0
0
0
0
0
0
0
0
0
0
0
0
0.377
1.0496
0.2335
0
0
0
0
0
0
0
0
0
0
0
0
0
0
0
0
0
0
0
0
0
1.4434
1.8809
0.6264
0
0
0
0
0
0
0
0
0
0
0
0
0
0
0
0
0
0
0
0
0
1.5641
2.1464
0.6749
0
0
0
0
0
0
0
0
0
0
0
0
0
0
0
0
0
0
0
0
0
0.99
1.1802
0.504
0
0
0
0
0
0
0
0
0
0
0
0
0
0
0
0
0
0
0
0
0
0.9023
1.5021
0.6415
0
0
0
0
0
0
0
0
0
0
0
0
0
0
0
0
0
0
0
0
0
0
0
0
0
0
0
0
0
0
0
0
0
0
0
0
0
0
0
0
0
0
0
0
0
1.0268
1.1533
0.3373
0
0
0
0
0
0
0
0
0
0