0
0
0
0
0
0
0
0
0
0
0.0816
2.3608
0.2592
0.3444
0
0
0
0
0
0
0
0
0
0
0
0
0
0
0
0
0
0
0
0
0
0.6096
1.0294
0.4784
0
0
0
0
0
0
0
0
0
0
0
0
0
0
0
0
0
0
0
0
0
0.6285
2.5629
0.4256
0
0
0
0
0
0
0
0
0
0
0
0
0
0
0
0
0
0
0
0
0
2.3425
3.2437
0.9952
0
0
0
0
0
0
0
0
0
0
0
0
0
0
0
0
0
0
0
0
0
3.8016
8.3948
4.8868
0
0
0
0
0
0
0
0
0
0
0
0
0
0
0
0
0
0
0
0
0
2.5167
3.8681
3.905
0
0
0
0
0
0
0
0
0
0
0
0
0
0
0
0
0
0
0
0
0
0.4677
0.7474
5.5844
0
0
0
0
0
0
0
0
0
0
0
0
0
0
0
0
0
0
0
0
0
0.6122
4.89
3.7389
0
0
0
0
0
0
0
0
0
0
0
0
0
0
0
0
0
0
0
0
0
2.1308
2.1401
2.2515
0
0
0
0
0
0
0
0
0
0
0
0
0
0
0
0
0
0
0
0
0.1513
0.8506
2.6948
2.8839
0
0
0
0
0
0
0
0
0
0
0
0
0
0
0
0
0
0
0
0
0.1285
4.2454
7.8615
5.1708
0.3677
0
0
0
0
0
0
0
0
0
0
0
0
0
0
0
0
0
0
0
0.6858
1.173
3.1002
7.1466
0.2295
0
0
0
0
0
0
0
0
0
0
0
0
0
0
0
0
0
0
0
0.4822
0
11.589
11.034
0.2319
0
0
0
0
0
0
0
0
0
0
0
0
0
0
0
0
0
0
0
0.2703
1.8812
1.4177
1.6082
0.1785
0
0
0
0
0
0
0
0
0
0
0
0
0
0
0
0
0
0
0
0.3207
0.5453
1.4309
0.6247
0.1933
0
0
0
0
0
0
0
0
0
0
0
0
0
0
0
0
0
0
0
0
0.2269
2.1689
6.4504
1.3927
0
0
0
0
0
0
0
0
0
0
0
0
0
0
0
0
0
0
0
1.0066
2.3382
1.5102
6.4215
0.4394
0
0
0
0
0
0
0
0
0
0
0
0
0
0
0
0
0
0
0
1.4129
7.8454
1.0287
0.1881
0.4782
0
0
0
0
0
0
0
0
0
0
0
0
0
0
0
0
0
0
0
0.8797
4.8806
5.4745
6.5686
2.7465
0
0
0
0
0
0
0
0
0
0
0
0
0
0
0
0
0
0
0
1.2415
5.3306
9.2669
12.234
6.6559
0
0
0
0
0
0
0
0
0
0
0
0
0
0
0
0
0
0
0
1.8498
8.1173
11.732
11.158
4.5096
0
0
0
0
0
0
0
0
0
0
0
0
0
0
0
0
0
0
0
0.7034
2.3712
3.1523
3.5863
1.255
0
0
0
0
0
0
0
0
0
0
0
0
0
0
0
0
0
0
0
0
0
0
0
0
0
0
0
0
0
0
0
0
0
0
0
0
0
0
0
0
0
0
0
0.3942
1.2019
1.2215
0.8442
0.26
0
0
0
0
0
0
0
0
0
0
0
0
0
0
0
0
0
0
0
3.4941
9.6385
14.81
13.641
9.2272
0
0
0
0
0
0
0
0
0
0
0
0
0
0
0
0
0
0
0
3.6718
10.158
13.363
12.915
10.902
0
0
0
0
0
0
0
0
0
0
0
0
0
0
0
0
0
0
0
4.1711
10.479
13.141
11.199
8.2246
0
0
0
0
0
0
0
0
0
0
0
0
0
0
0
0
0
0
0
0.9766
1.6097
5.2641
9.963
8.6741
0
0
0
0
0
0
0
0
0
0
0
0
0
0
0
0
0
0
0
3.6245
9.2419
6.7781
12.543
10.78
0.19
0
0
0
0
0
0
0
0
0
0
0
0
0
0
0
0
0
0
0.6414
0.9176
12.782
10.49
10.751
0.1042
0
0
0
0
0
0
0
0
0
0
0
0
0
0
0
0
0
0.1049
6.0047
11.768
14.625
14.469
11.164
0.1171
0
0
0
0
0
0
0
0
0
0
0
0
0
0
0
0
0
0
2.931
3.7215
11.209
6.3924
0.2849
0
0
0
0
0
0
0
0
0
0
0
0
0
0
0
0
0
0
0.8149
6.7192
10.521
8.6488
7.6612
0.1002
0
0
0
0
0
0
0
0
0
0
0
0
0
0
0
0
0
0
0.8568
5.8938
10.285
10.626
5.4893
7.631
0
0
0
0
0
0
0
0
0
0
0
0
0
0
0
0
0
0
0.8607
5.0702
8.8114
12.029
10.648
7.7229
2.4165
0
0
0
0
0
0
0
0
0
0
0
0
0
0
0
0
0
0.398
0.3549
2.3664
1.8738
8.167
6.3957
1.6908
0
0
0
0
0
0
0
0
0
0
0
0
0
0
0
0
0
1.165
6.8296
11.14
12.758
12.318
8.5348
3.672
0
0
0
0
0
0
0
0
0
0
0
0
0
0
0
0
0
1.3649
5.9479
10.524
12.916
12.786
10.669
4.6489
0
0
0
0
0
0
0
0
0
0
0
0
0
0
0
0
0
1.7477
7.1246
10.47
12.16
12.101
8.6262
4.5582
0
0
0
0
0
0
0
0
0
0
0
0
0
0
0
0
0
1.7401
5.0973
8.5982
9.508
9.2162
9.1382
4.5574
0
0
0
0
0
0
0
0
0
0
0
0
0
0
0
0
0
1.8895
6.3139
11.195
10.949
13.728
12.416
7.3175
0
0
0
0
0
0
0
0
0
0
0
0
0
0
0
0
0
2.5945
8.4447
13.07
13.207
12.126
10.739
6.2594
0
0
0
0
0
0
0
0
0
0
0
0
0
0
0
0
0
1.1004
2.8806
8.0685
8.0562
10.828
11.053
8.694
0
0
0
0
0
0
0
0
0
0
0
0
0
0
0
0
0
2.4965
5.4682
10.162
13.161
14.844
13.053
8.4539
0
0
0
0
0
0
0
0
0
0
0
0
0
0
0
0
0
3.4831
0.072
0.1711
15.328
11.501
15.956
11.652
0.4337
0
0
0
0
0
0
0
0
0
0
0
0
0
0
0
0
0
1.9498
4.7002
9.2986
16.66
14.892
2.9169
0
0
0
0
0
0
0
0
0
0
0
0
0
0
0
0
0
0
0.1773
0.3121
0.3613
11.857
11.363
7.521
0
0
0
0
0
0
0
0
0
0
0
0
0
0
0
0
0.0948
5.4045
10.912
1.7978
2.789
8.9514
15.924
13.8
2.2687
0
0
0
0
0
0
0
0
0
0
0
0
0
0
0
0
1.4873
9.0663
17.217
17.03
16.156
13.72
5.3843
0
0
0
0
0
0
0
0
0
0
0
0
0
0
0
0
0
2.4337
7.382
11.494
7.0488
4.4321
4.7728
2.2187
0
0
0
0
0
0
0
0
0
0
0
0
0
0
0
0
0
1.8854
2.6843
7.0242
6.592
9.2618
8.717
7.6806
3.6857
0
0
0
0
0
0
0
0
0
0
0
0
0
0
0
0.1452
5.1548
9.5846
9.0703
14.138
18.979
16.397
11.241
3.4965
0
0
0
0
0
0
0
0
0
0
0
0
0
0
0
0.6564
4.2537
9.0803
14.703
18.13
19.325
16.746
11.515
3.7833
0
0
0
0
0
0
0
0
0
0
0
0
0
0
0
0.8835
5.3394
12.059
16.555
13.175
3.4334
11.832
8.752
1.0149
0
0
0
0
0
0
0
0
0
0
0
0
0
0
0
0.6189
2.9268
7.7483
8.6531
10.157
16.824
18.197
12.931
5.2075
0
0
0
0
0
0
0
0
0
0
0
0
0
0
0
1.1986
6.8774
12.417
7.1186
10.248
8.2129
14.601
12.324
0.0459
0
0
0
0
0
0
0
0
0
0
0
0
0
0
0
1.2361
6.2699
11.792
16.272
19.236
19.51
17.249
12.451
5.4968
0
0
0
0
0
0
0
0
0
0
0
0
0
0
0
1.2865
5.6651
11.464
16.21
19.095
20.1
16.645
12.117
5.9446
0
0
0
0
0
0
0
0
0
0
0
0
0
0
0
1.1718
4.7987
10.835
14.636
18.126
18.198
16.842
13.074
6.6566
0
0
0
0
0
0
0
0
0
0
0
0
0
0
0
1.6703
4.6076
9.2306
18.768
21.818
27.847
25.155
15.319
8.275
0
0
0
0
0
0
0
0
0
0
0
0
0
0
0
1.7867
2.3687
10.361
18.389
14.028
14.464
6.4483
6.2026
0.9397
0
0
0
0
0
0
0
0
0
0
0
0
0
0
0
1.5185
4.0022
6.6897
9.8788
8.3278
7.8193
5.5095
3.0558
1.2895
0
0
0
0
0
0
0
0
0
0
0
0
0
0
0
0.8634
1.7669
2.9168
3.7191
3.0885
5.1825
4.3505
3.1277
1.4403
0
0
0
0
0
0
0
0
0
0
0
0
0
0
0
3.8555
13.061
22.817
17.854
11.562
7.8851
0.5786
1.1315
0.4721
0
0
0
0
0
0
0
0
0
0
0
0
0
0
0
3.4781
11.363
20.386
27.071
32.863
32.521
30.604
23.7
13.726
0
0
0
0
0
0
0
0
0
0
0
0
0
0
0.1282
4.5782
13.479
24.588
28.333
27.597
28.75
18.933
10.827
6.0331
0
0
0
0
0
0
0
0
0
0
0
0
0
0
0
3.7711
12.57
16.103
23.744
33.526
36.118
26.516
19.876
10.516
0
0
0
0
0
0
0
0
0
0
0
0
0
0
0
0.5412
1.0148
1.7436
1.1322
1.2397
25.716
26.959
25.535
16.049
0.1434
0
0
0
0
0
0
0
0
0
0
0
0
0
0.3867
5.6053
16.53
26.428
33.166
36.73
35.447
28.639
23.98
15.132
0.2358
0
0
0
0
0
0
0
0
0
0
0
0
0
0
0.2102
12.358
20.941
12.8
15.151
20.636
4.6928
1.5106
4.4035
0.5806
0
0
0
0
0
0
0
0
0
0
0
0
0
0.7265
3.8009
8.1867
14.549
15.666
11.032
9.5205
6.3911
3.0357
0.8344
0
0
0
0
0
0
0
0
0
0
0
0
0
0
0.7318
0.3544
11.915
26.189
15.46
9.6123
7.4994
3.5187
3.7591
6.4541
0.666
0
0
0
0
0
0
0
0
0
0
0
0
0
0.9955
5.4343
14.667
23.13
27.221
35.365
38.275
34.438
27.403
12.67
4.3125
0
0
0
0
0
0
0
0
0
0
0
0
0
0.9582
6.98
17.136
26.382
26.233
24.751
27.149
18.236
10.62
10.924
4.4021
0
0
0
0
0
0
0
0
0
0
0
0
0
0.9543
7.178
15.106
23.292
24.68
31.427
32.232
33.85
29.627
19.576
8.0734
0
0
0
0
0
0
0
0
0
0
0
0
0
1.0516
5.5574
14.868
23.014
26.132
37.749
25.384
9.5701
0.6991
9.62
5.1182
0
0
0
0
0
0
0
0
0
0
0
0
0
1.1639
7.5255
20.259
29.948
26.173
17.554
24.191
6.7909
3.5488
3.6394
0.9854
0
0
0
0
0
0
0
0
0
0
0
0
0
1.2088
7.8493
18.05
26.937
34.481
37.442
37.449
33.357
25.493
17.789
7.2616
0
0
0
0
0
0
0
0
0
0
0
0
0
1.347
6.5273
14.057
14.316
13.707
17.933
25.063
18.88
20.946
15.069
8.768
0
0
0
0
0
0
0
0
0
0
0
0
0
1.3926
9.1011
20.221
29.269
36.486
40.094
39.357
36.289
30.501
20.867
10.081
0
0
0
0
0
0
0
0
0
0
0
0
0
1.5205
9.0891
19.496
28.893
36.018
39.667
38.982
36.116
29.051
20.364
9.3248
0
0
0
0
0
0
0
0
0
0
0
0
0
1.6097
10.435
21.85
30.995
37.523
40.017
39.448
36.947
31.626
22.662
11.147
0
0
0
0
0
0
0
0
0
0
0
0
0
1.9842
9.5891
20.139
28.531
31.858
35.562
35.287
36.22
26.546
20.953
11.008
0
0
0
0
0
0
0
0
0
0
0
0
0
1.9375
4.3378
7.5565
9.8159
11.685
12.45
11.379
9.2075
6.1112
3.7448
1.2874
0
0
0
0
0
0
0
0
0
0
0
0
0.1988
2.044
10.573
20.98
31.389
37.353
39.841
39.107
36.741
30.962
21.468
10.818
0
0
0
0
0
0
0
0
0
0
0
0
0.3412
2.2537
10.375
21.717
30.772
36.232
40.581
40.685
37.708
31.576
21.508
10.271
0
0
0
0
0
0
0
0
0
0
0
0
0.4024
2.3412
11.36
22.462
31.801
39.015
41.844
41.353
37.734
32.986
23.216
11.946
0.1246
0
0
0
0
0
0
0
0
0
0
0
0.8946
2.6829
10.474
19.495
29.15
35.2
36.095
40.469
34.038
28.346
18.265
9.7059
0.1524
0
0
0
0
0
0
0
0
0
0
0
1.0799
2.3982
7.3117
10.699
8.0616
13.271
18.13
10.278
12.896
25.076
25.241
10.592
0.4168
0
0
0
0
0
0
0
0
0
0
0
0.7792
3.0456
11.362
19.675
24.704
25.397
30.471
34.391
28.649
23.41
19.211
11.589
0.5353
0
0
0
0
0
0
0
0
0
0
0
1.4314
4.5426
17.921
31.212
43.265
52.211
53.442
53.814
51.771
43.622
29.581
14.611
0.5403
0
0
0
0
0
0
0
0
0
0
0
1.6141
4.6463
8.8773
7.7769
13.035
13.309
33.449
17.451
18.416
1.6715
2.5166
2.0974
0.7609
0
0
0
0
0
0
0
0
0
0
0
1.6384
2.5303
9.84
19.59
6.6799
28.636
45.615
2.6785
24.341
41.184
31.878
9.5774
4.1905
0
0
0
0
0
0
0
0
0
0
0
2.0193
5.3579
17.38
31.7
41.262
50.783
53.616
53.461
51.094
45.38
34.077
20.255
5.7255
0
0
0
0
0
0
0
0
0
0
0
2.7626
6.1977
10.096
34.037
41.738
35.266
39.379
2.169
19.868
27.241
21.567
6.3484
3.0366
0
0
0
0
0
0
0
0
0
0
0
1.7617
5.6023
17.901
30.961
42.948
50.952
55.19
55.02
52.398
43.017
31.541
17.605
4.987
0
0
0
0
0
0
0
0
0
0
0
1.8992
5.9831
19.336
33.852
45.54
54.004
56.293
56.293
54.527
46.718
35.902
21.634
6.8353
0
0
0
0
0
0
0
0
0
0
0
2.5868
6.7141
12.734
21.877
23.753
33.046
29.021
34.574
24.981
22.387
12.801
8.7152
2.6319
0
0
0
0
0
0
0
0
0
0
0
1.6109
6.7373
21.183
35.765
47.246
55.282
56.293
56.293
55.767
48.791
37.529
22.901
7.8735
0
0
0
0
0
0
0
0
0
0
0
1.9928
7.2535
18.961
31.298
40.811
49.409
53.617
53.991
50.573
46.824
36.097
22.212
8.2844
0
0
0
0
0
0
0
0
0
0
0.2351
2.1377
7.0528
17.381
22.701
27.611
33.194
32.06
29.763
31.731
24.897
19.063
11.615
5.2615
0
0
0
0
0
0
0
0
0
0
0.2183
2.3971
7.5991
15.119
24.859
28.245
38.201
35.788
40.508
49.073
42.85
32.447
22.89
10.298
0
0
0
0
0
0
0
0
0
0
0.5222
2.295
8.0301
20.955
33.526
41.921
45.252
50.037
53.783
48.419
42.121
31.835
18.661
5.8013
0
0
0
0
0
0
0
0
0
0
0.5369
2.1411
8.2245
21.798
36.855
48.144
55.318
56.293
56.293
53.378
47.433
36.807
22.753
8.4554
0
0
0
0
0
0
0
0
0
0
0.6632
1.9484
8.7769
23.657
37.91
49.881
56.293
56.293
56.293
56.293
51.712
40.699
25.754
9.8653
0
0
0
0
0
0
0
0
0
0
1.1717
2.4334
8.781
21.349
34.184
45.535
51.897
55.939
55.194
52.468
47.2
37.246
24.368
8.6053
0
0
0
0
0
0
0
0
0
0
1.0692
3.8894
8.397
10.787
12.78
14.489
19.802
16.215
25.165
17.739
23.565
11.454
6.146
2.8217
0
0
0
0
0
0
0
0
0
0
1.372
4.0463
9.636
12.896
21.878
23.803
29.964
23.711
23.542
10.793
15.378
6.9465
4.8267
0.2988
0
0
0
0
0
0
0
0
0
0
0.8124
4.1174
10.11
8.5761
11.002
19.243
23.218
16.213
5.1774
9.2362
11.959
10.443
10.909
6.2498
0.3255
0
0
0
0
0
0
0
0
0
1.4741
2.1636
10.553
24.97
38.775
49.831
56.293
56.293
56.293
56.293
49.436
38.261
24.395
9.9122
0.3376
0
0
0
0
0
0
0
0
0
1.7723
2.8388
10.699
23.788
37.51
47.35
53.452
56.293
56.293
56.293
47.868
36.605
22.263
9.5588
0.5348
0
0
0
0
0
0
0
0
0
1.9098
3.9131
10.64
21.484
32.281
37.358
48.586
54.856
56.134
51.731
41.727
32.789
19.118
7.125
0.4469
0
0
0
0
0
0
0
0
0
0.8963
1.9757
4.14
8.0692
8.7695
8.3489
11.325
12.266
14.11
9.8257
6.6379
3.7788
1.5969
1.9214
0.3779
0
0
0
0
0
0
0
0
0
2.147
4.1328
12.945
28.076
42.45
30.427
37.172
56.293
20.037
7.2958
5.8575
1.6417
0.9774
0.3727
0
0
0
0
0
0
0
0
0
0
2.0916
4.643
8.1365
9.3035
11.669
11.081
18.027
14.893
15.952
10.696
4.9411
3.0952
3.8312
3.3655
1.0398
0
0
0
0
0
0
0
0
0
0.6183
5.0713
8.3706
11.197
28.969
55.332
25.162
39.024
49.029
43.819
19.564
16.233
11.263
0.4037
0.2395
0
0
0
0
0
0
0
0
0
2.1273
3.413
12.372
25.802
37.574
47.939
53.523
56.293
56.293
55.44
48.908
41.116
26.853
12.082
2.0871
0
0
0
0
0
0
0
0
0
2.2589
4.275
12.693
24.852
36.125
45.375
51.914
55.349
54.991
50.164
42.671
33.918
21.826
10.145
1.9605
0
0
0
0
0
0
0
0
0
2.3398
4.244
13.363
26.644
39.75
50.519
56.293
56.293
56.293
55.522
48.2
37.769
24.397
10.946
2.0049
0
0
0
0
0
0
0
0
0
2.8061
5.8238
10.37
15.576
20.19
26.972
28.072
34.269
28.447
23.857
17.606
14.071
11.039
6.1266
1.5867
0
0
0
0
0
0
0
0
0
2.3834
5.4264
9.1193
11.878
15.706
17.248
20.538
20.692
20.201
19.094
15.258
11.782
7.6508
3.8138
1.0992
0
0
0
0
0
0
0
0
0.5524
3.127
5.3654
5.4288
9.0867
5.1977
2.9303
15.534
35.869
35.531
31.541
31.489
23.342
18.438
11.406
1.7856
0
0
0
0
0
0
0
0
0
1.8883
3.969
7.5757
12.303
13.022
11.457
17.873
16.781
12.588
10.089
12.245
8.9677
6.6061
5.2176
1.634
0
0
0
0
0
0
0
0
0
1.5659
3.2069
2.9923
6.2205
11.069
13.619
19.151
19.711
17.922
11.76
10.181
6.5004
4.1065
2.9826
2.2526
0
0
0
0
0
0
0
0
0.9407
1.7878
3.253
16.28
32.532
46.892
56.293
56.293
56.293
56.293
56.293
55.119
44.339
30.346
15.029
3.2848
0
0
0
0
0
0
0
0
1.0081
1.9482
3.5706
15.951
31.242
42.235
52.066
56.293
56.293
56.293
54.463
41.414
31.653
22.782
11.062
2.9985
0
0
0
0
0
0
0
0
0
3.418
4.6126
1.7302
2.369
2.9344
12.205
31.233
47.787
54.128
56.293
54.061
48.052
20.968
16.254
4.1432
0
0
0
0
0
0
0
0
0.4056
3.8468
6.6421
13.915
24.781
30.454
45.39
56.134
47.445
56.293
50.775
40.722
12.742
7.3651
7.0958
0
0
0
0
0
0
0
0
0
0.9038
2.9127
7.2561
10.401
21.12
27.779
41.393
47.75
56.293
56.293
56.293
43.755
45.683
34.457
17.883
4.3851
0.4844
0
0
0
0
0
0
0
0.6938
0.4911
1.5677
6.2965
8.6088
11.892
15.53
17.912
19.603
19.924
15.792
14.484
13.294
10.73
4.9948
2.8394
0
0
0
0
0
0
0
0
1.8789
4.0345
3.7321
1.8552
2.5104
3.0886
3.5259
16.679
31.885
37.951
56.293
56.293
49.607
30.563
11.022
5.2422
0.2549
0
0
0
0
0
0
0
1.0307
2.8225
5.2796
6.7413
10.893
16.19
16.763
20.354
21.894
17.452
12.449
9.655
7.3278
4.4227
2.8893
1.0468
0
0
0
0
0
0
0
0
1.5912
4.2268
6.0851
7.8579
26.055
18.691
19.231
9.791
3.8772
19.574
41.779
19.792
24.33
11.894
5.537
1.7801
0.3652
0
0
0
0
0
0
0
2.1724
4.3364
4.7162
2.4148
9.9493
3.01
8.379
25.063
30.778
31.486
54.457
42.841
26.104
8.8415
9.4099
6.2102
1.0218
0
0
0
0
0
0
0
1.3123
2.5102
4.9084
8.6662
12.567
18.001
14.776
20.374
22.887
16.026
19.36
16.526
14.993
8.198
3.8767
0.3
0
0
0
0
0
0
0
0
2.3829
4.5971
7.707
16.038
25.074
28.821
44.756
54.673
48.905
49.378
42.973
34.046
35.867
18.635
8.3856
4.2048
1.0065
0
0
0
0
0
0
0
2.0632
4.4777
7.108
16.589
19.993
18.979
25.86
28.822
25.259
29.879
38.113
42.913
32.405
22.743
14.621
5.5961
1.3758
0
0
0
0
0
0
0
2.3182
4.9552
8.9876
14.977
21.053
21.241
18.812
23.324
17.285
13.772
9.2945
8.7419
5.5898
2.7182
0.9687
0.3945
0.5374
0
0
0
0
0
0
0
1.6638
2.6738
7.0578
18.2
31.795
43.906
52.527
56.293
56.293
56.293
56.108
49.811
40.579
28.746
16.225
5.6543
1.2682
0
0
0
0
0
0
0
1.677
3.5288
6.7532
17.466
28.65
35.489
40.441
45.374
47.371
48.106
45.085
38.579
27.709
21.713
11.937
4.8175
1.0428
0
0
0
0
0
0
0
2.1891
5.1407
8.4216
9.3619
15.355
14.575
16.805
22.797
27.636
31.166
36.698
31.799
29.098
27.298
18.414
6.7268
1.0997
0
0
0
0
0
0
0.3096
1.6572
2.0947
5.959
19.821
35.485
48.908
56.293
56.293
56.293
56.293
56.293
56.293
46.797
33.82
18.875
6.1194
1.3363
0
0
0
0
0
0
0.348
1.7702
2.667
6.3897
18.695
33.094
45.932
55.162
56.293
56.293
56.293
56.293
55.978
46.719
34.256
19.451
6.4311
1.1677
0
0
0
0
0
0
0.4392
1.7315
1.9746
6.2622
20.573
36.214
49.182
56.293
56.293
56.293
56.293
56.293
56.293
47.905
35.283
20.4
6.8729
1.2021
0
0
0
0
0
0
1.1093
1.6028
2.0662
6.8892
21.635
37.786
51.173
56.293
56.293
56.293
56.293
56.293
56.293
48.19
35.064
20.123
6.7467
1.4803
0
0
0
0
0
0
1.0745
1.6278
2.0083
6.7617
21.342
37.303
50.564
56.293
56.293
56.293
56.293
56.293
56.293
49.488
36.404
21.205
7.194
1.2575
0
0
0
0
0
0
1.014
1.7343
1.9544
6.5674
20.939
36.696
49.73
56.293
56.293
56.293
56.293
56.293
56.293
49.843
37.074
22.087
7.8147
1.3009
0
0
0
0
0
0
1.0694
1.821
2.4078
6.5458
19.355
33.455
45.657
54.378
56.293
56.293
56.293
56.293
54.482
44.7
33.065
19.38
6.867
1.5698
0
0
0
0
0
0
0.9853
3.376
4.2161
8.7571
17.311
25.21
34.125
49.737
56.293
56.293
56.293
46.575
46.88
22.448
12.644
7.086
3.3736
1.5947
0
0
0
0
0
0
1.1695
2.5818
5.7427
9.4073
15.69
29.951
35.644
42.701
47.438
47.073
36.168
44.595
42.902
28.736
10.604
6.6628
5.4411
1.2417
0
0
0
0
0
0
0.9374
1.7382
2.6487
7.268
23.303
35.924
48.222
55.933
31.091
33.97
25.526
19.355
24.783
20.73
8.6211
9.0028
2.7397
0.809
0
0
0
0
0
0
0.4956
0.7569
2.5277
9.0788
11.208
9.1178
19.086
6.5228
21.901
42.378
49.528
56.293
40.137
38.904
28.172
20.478
7.6152
1.7316
0.2547
0
0
0
0
0
1.2175
2.1041
2.7157
7.1948
20.661
36.221
47.894
56.293
35.877
35.301
33.82
31.611
26.241
20.123
14.823
9.0348
5.3508
2.0099
0
0
0
0
0
0
1.0182
1.889
1.9833
7.8272
22.177
38.332
51.83
56.293
32.315
35.869
32.598
23.588
19.456
15.698
9.5369
6.3952
3.3002
1.6786
0
0
0
0
0
0
1.0487
1.7719
2.7492
8.4604
22.953
37.162
46.799
56.293
24.386
30.535
34.568
27.647
18.498
16.384
12.643
7.6181
3.5584
1.7877
0
0
0
0
0
0
0
1.0475
3.3723
4.6363
7.7275
10.322
12.079
13.536
15.725
12.728
12.617
16.32
16.538
12.446
12.355
8.3519
3.1526
1.0146
0
0
0
0
0
0
0.6579
2.0574
4.2069
6.5395
9.3898
11.792
14.437
16.303
18.439
18.799
18.441
16.587
15.111
13.098
9.5703
6.6218
3.5523
1.3707
0.2833
0
0
0
0
0
0.7521
1.3637
3.8478
2.796
6.5574
6.6102
16.794
25.937
33.301
41.134
35.817
31.686
34.803
39.248
25.29
19.843
9.918
1.8447
1.0024
0
0
0
0
0
1.1213
2.6265
3.4734
7.4907
20.652
33.848
43.376
50.533
53.105
54.448
56.293
53.726
46.618
41.535
31.001
18.568
8.0118
2.1491
0.9058
0
0
0
0
0
1.524
3.1536
4.7825
9.3756
23.536
33.169
44.257
46.052
34.504
27.078
15.598
14.2
10.632
9.6897
3.4498
1.156
0.6087
0
0
0
0
0
0
0
1.3508
2.3168
2.4762
8.4069
19.716
27.359
34.399
20.26
20.3
19.226
42.102
27.7
27.066
23.745
13.547
4.6701
2.8567
0.2347
0
0
0
0
0
0
1.464
2.1662
2.5234
7.4353
20.882
35.95
48.509
56.293
56.293
56.293
56.293
56.293
56.293
46.996
34.695
20.891
8.4539
1.8285
0.9357
0
0
0
0
0
1.4969
2.0878
2.4222
7.4449
20.713
35.015
47.928
56.293
56.293
56.293
56.293
56.293
55.608
46.19
34.579
20.593
8.4913
2.176
0.9931
0
0
0
0
0
1.3412
1.842
2.2391
7.3835
21.081
35.8
48.189
56.293
56.293
56.293
56.293
56.293
56.293
48.363
36.496
22.397
9.043
1.7094
1.0544
0
0
0
0
0
1.1447
2.1643
3.1483
8.9274
25.725
40.494
50.09
56.293
37.724
40.01
39.729
35.833
33.563
29.044
22.686
14.886
7.0685
2.7043
0.8876
0
0
0
0
0
1.367
2.7049
5.5723
9.5981
15.449
19.425
23.556
26.957
29.854
29.997
30.213
23.109
23.851
20.881
13.803
7.8445
3.0572
0.8169
0
0
0
0
0
0
1.3033
3.3718
4.3133
2.5029
2.4818
8.5429
10.002
8.8017
19.316
14.236
28.595
44.167
37.406
17.594
9.4759
6.9672
3.2377
2.5346
0.8234
0
0
0
0
0
1.2817
1.9395
2.5354
7.9855
20.531
31.727
43.971
49.529
52.55
48.196
54.85
52.088
47.413
33.398
22.725
12.356
6.5108
2.6074
0.8925
0
0
0
0
0
1.4289
3.7033
6.3636
10.36
16.622
21.172
20.731
30.973
31.259
36.836
50.448
41.515
42.366
43.469
33.102
20.087
8.7301
2.6602
1.225
0
0
0
0
0
0.8901
1.6592
4.8269
5.9222
10.846
11.973
9.7348
14.068
11.395
15.627
21.572
22.291
13.581
16.923
9.1186
7.7857
4.4965
1.626
0.8805
0
0
0
0
0
0.624
1.9681
3.9698
5.9129
7.8208
10.104
11.999
13.982
14.57
15.704
14.797
14.264
13.297
10.941
8.1928
5.776
3.5282
1.4867
0.4265
0
0
0
0
0
0.7035
2.3791
5.1464
8.6313
13.261
16.009
17.432
21.276
21.987
21.258
25.932
16.461
15.133
7.1304
3.8525
1.1754
0.6688
0
0
0
0
0
0
0
1.517
2.3734
2.7987
7.2995
20.561
35.539
47.742
56.293
56.293
56.293
56.293
56.293
54.527
44.405
33.243
19.922
8.392
2.2485
1.0601
0
0
0
0
0
1.4938
2.2495
2.9589
7.2395
20.043
34.022
46.794
55.555
56.293
56.293
56.293
56.293
55.166
46.129
33.927
21.109
8.9267
2.3594
0.9865
0
0
0
0
0
1.4194
2.5172
4.1978
8.478
19.008
31.206
43.56
52.412
56.293
56.293
56.293
56.293
54.601
46.887
34.608
21.754
9.5351
2.0028
1.1861
0
0
0
0
0
1.3223
3.1909
5.956
5.685
9.1042
13.969
6.9385
4.936
19.295
17.462
20.492
17.131
20.873
17.904
9.8902
11.719
5.1556
2.567
0.9001
0
0
0
0
0
0.9824
2.2887
5.051
5.7846
6.7934
10.92
15.096
17.541
16.953
16.737
14.631
11.223
11.492
7.7058
6.583
5.8864
1.8843
1.0248
0
0
0
0
0
0
0.7269
0.3234
0.8378
1.4466
2.0663
4.795
31.702
22.167
42.339
38.8
47.582
56.293
17.039
32.439
12.054
16.117
7.286
0
0
0
0
0
0
0
1.1287
1.8433
1.9451
7.0774
21.625
37.431
50.907
56.293
56.293
56.293
56.293
56.293
56.293
51.386
38.777
23.935
9.8597
1.8835
0.9736
0
0
0
0
0
1.4136
2.2575
3.8307
7.5243
19.78
34.462
47.013
55.814
56.293
56.293
56.293
56.293
54.483
44.316
33.821
21.164
9.3029
2.052
1.0227
0
0
0
0
0
1.4019
2.1513
3.0454
7.0741
19.749
34.117
46.936
56.293
56.293
56.293
56.293
56.293
56.293
46.953
34.843
21.385
9.1752
2.3631
1.0166
0
0
0
0
0
1.1605
3.4737
6.1021
10.057
17.02
27.37
38.551
42.033
47.558
51.204
49.595
47.04
36.196
45.585
39.218
23.533
9.9413
1.8957
1.1312
0
0
0
0
0
1.6708
3.8244
4.2763
3.2307
5.1189
11.394
48.82
56.293
56.293
56.293
56.293
36.243
9.2893
25.905
38.381
17.564
7.5991
3.236
1.1628
0
0
0
0
0
0.7765
1.8334
4.9457
8.0416
11.921
18.361
24.242
23.917
25.615
21.382
21.848
18.763
19.207
12.606
10.894
7.0393
2.1518
0.2457
0.2729
0
0
0
0
0
1.2122
2.1509
2.5358
7.7806
20.057
36.652
47.559
56.293
18.566
11.723
20.861
18.144
24.768
16.717
13.415
10.515
8.8959
3.2161
1.1495
0
0
0
0
0
1.0268
3.1108
5.5701
8.7618
12.253
17.7
22.145
24.851
26.358
24.578
29.508
19.904
17.934
13.44
11.426
8.1483
2.0089
0.7546
0
0
0
0
0
0
1.0437
3.1886
5.967
9.4756
13.22
17.269
32.239
33.94
36.097
40.809
40.46
36.236
28.495
25.294
14.017
9.2894
5.2037
2.4596
0.8358
0
0
0
0
0
0.7788
3.158
5.7574
9.8118
15.771
24.215
26.29
29.842
40.204
47.182
38.049
40.092
35.067
29.983
28.159
21.519
9.4233
2.0748
1.1226
0
0
0
0
0
1.072
1.6035
2.3396
6.505
21.312
37.37
50.813
56.293
56.293
56.293
56.293
56.293
56.293
51.774
39.416
24.446
9.8175
1.696
0.9153
0
0
0
0
0
0
0.6118
1.2231
1.8747
2.6405
3.3617
4.3896
4.8181
4.9077
5.0945
5.3809
4.9533
4.1665
3.495
2.7145
1.9624
1.0374
0.385
0
0
0
0
0
0
0.4494
1.8745
2.9761
5.0662
7.3736
8.5101
13.846
14.753
17.846
14.533
14.313
16.004
11.489
6.8284
5.0447
2.6418
2.405
0.6236
0
0
0
0
0
0
1.0137
1.7313
2.0057
5.5782
20.145
36.23
49.869
56.293
35.613
32.712
30.295
29.717
26.336
20.87
14.015
11.038
5.7063
2.275
0.5583
0
0
0
0
0
0.3113
2.1367
4.5305
5.9031
6.9466
11.679
11.903
17.583
18.897
15.107
18.954
14.303
13.327
9.5407
8.7044
7.682
3.5494
1.2683
0
0
0
0
0
0
0.9274
1.7765
2.4267
5.4493
17.541
29.255
42.191
50.069
56.293
56.293
56.293
52.281
50.169
39.838
30.485
20.151
8.4502
1.6712
0.3251
0
0
0
0
0
0.8625
2.8261
5.4549
7.8679
16.765
26.502
38.641
48.894
55.016
56.293
56.293
55.067
47.593
42.168
34.207
20.709
9.3644
1.6751
0.4763
0
0
0
0
0
0.9904
2.0877
3.9654
7.5179
17.184
28.392
38.487
48.533
51.926
55.197
56.293
56.293
56.293
45.001
35.729
20.718
8.7891
2.2563
0.4073
0
0
0
0
0
0.6848
2.5255
4.9687
7.2953
12.022
17.157
22.227
27.245
30.695
26.556
28.186
27.456
22.789
16.607
13.042
6.4408
2.9307
0.8478
0
0
0
0
0
0
0.9511
1.864
5.2774
4.1622
2.1679
20.145
18.11
33.636
29.864
11.623
4.1282
12.044
47.139
51.695
38.53
24.484
9.4804
1.7649
0.6731
0
0
0
0
0
0.3311
1.6428
2.2309
4.6334
17.369
32.138
45.091
55.016
56.293
56.293
56.293
56.293
56.293
48.898
36.961
22.588
8.6609
1.3801
0
0
0
0
0
0
0
1.8839
4.7273
8.5167
15.675
23.041
24.881
41.572
48.721
46.665
44.336
47.172
32.024
19.957
18.2
12.153
4.5126
1.1409
0
0
0
0
0
0
0.2567
1.7126
3.3818
6.9483
16.197
27.874
37.777
49.081
54.851
53.067
54.038
56.293
47.659
41.932
28.71
13.538
5.7748
1.7218
0
0
0
0
0
0
0
1.5717
3.0888
6.5412
15.395
26.543
37.117
46.92
51.511
54.728
54.147
51.786
45.628
37.52
30.706
17.9
7.1788
1.3978
0
0
0
0
0
0
0
1.6766
3.3906
6.2963
15.106
26.755
37.817
46.331
50.722
56.293
55.973
52.352
44.875
37.096
28.83
19.106
7.2403
1.7392
0
0
0
0
0
0
0
1.6216
2.5831
5.4805
15.223
27.328
39.301
47.81
54.828
56.293
56.293
55.567
49.877
43.353
32.17
20.224
7.6511
1.4886
0
0
0
0
0
0
0
1.5707
2.9121
5.7528
15.437
27.292
40.385
47.896
49.701
52.873
55.365
53.239
48.368
42.816
32.698
18.135
7.3023
1.2775
0
0
0
0
0
0
0
1.6589
3.4199
7.2087
11.317
15.749
21.25
24.572
29.487
28.439
28.121
22.211
23.09
19.189
14.906
8.6939
4.1812
1.2232
0
0
0
0
0
0
0
1.5194
3.5303
7.0952
12.178
16.875
21.006
23.62
26.32
26.197
23.874
22.26
18.846
15.706
10.685
6.3609
3.6702
1.2013
0
0
0
0
0
0
0
1.2511
3.7932
7.0562
11.075
15.905
21.105
25.215
25.974
26.198
23.773
23.821
22.334
15.946
10.537
6.6807
3.1037
0.9564
0
0
0
0
0
0
0
1.4256
4.157
7.2095
11.651
16.654
22.155
26.655
26.423
22.977
21.465
19.06
16.294
14.554
11.666
6.3138
2.9676
0.8184
0
0
0
0
0
0
0
1.2464
3.5279
6.3708
14.07
24.033
32.695
39.117
43.064
44.111
45.366
43.771
38.73
31.809
22.682
11.902
4.941
1.0802
0
0
0
0
0
0
0
0.9191
3.0446
5.6365
8.8383
11.785
14.959
16.764
19.639
21.142
20.584
19.494
17.781
14.802
11.205
6.9709
3.2791
1.0049
0
0
0
0
0
0
0
1.5188
2.2381
3.6578
14.254
28.449
40.814
49.735
56.227
56.293
56.293
56.293
50.905
42.295
30.68
17.245
5.9406
1.1564
0
0
0
0
0
0
0
1.1605
1.9947
2.9753
15.249
31.241
45.466
56.064
56.293
56.293
56.293
56.293
56.293
49.111
36.184
20.703
6.6182
1.0821
0
0
0
0
0
0
0
1.1195
3.6977
4.709
6.1739
10.759
6.1904
24.539
37.219
40.927
44.167
56.293
49.541
37.39
30.386
19.561
6.332
1.2008
0
0
0
0
0
0
0
1.0829
1.8596
2.9812
14.643
30.202
44.094
54.52
56.293
56.293
56.293
56.293
55.056
45.467
32.428
18.402
5.7616
1.0429
0
0
0
0
0
0
0
0.6613
2.6092
4.7875
7.1872
9.9763
12.905
14.568
18.666
16.464
14.681
15.065
12.65
8.2242
5.0243
3.2734
1.0911
0
0
0
0
0
0
0
0
0.8519
3.3304
5.0423
14.577
29.654
31.925
48.801
35.801
15.776
19.822
16.357
24.058
12.934
31.875
20.493
6.0311
0.3527
0
0
0
0
0
0
0
0.9038
3.3788
6.6558
12.487
17.874
21.878
28.276
34.027
31.629
28.959
37.85
23.632
17.373
9.1624
4.3325
1.8622
0
0
0
0
0
0
0
0
0.6069
2.5134
5.9379
9.7669
13.346
16.771
19.641
21.725
23.243
25.446
22.57
17.96
14.196
8.2499
4.5484
1.5524
0
0
0
0
0
0
0
0
0
2.6227
4.5045
6.1373
10.435
13.538
14.894
20.805
21.609
22.693
19.833
13.81
9.8105
6.1337
3.3958
1.1807
0
0
0
0
0
0
0
0
0
1.9404
5.9361
10.097
16.797
20.951
24.912
38.613
44.16
53.967
56.293
56.293
47.299
31.001
13.786
4.1368
0
0
0
0
0
0
0
0
0
1.2098
3.0247
5.117
6.5153
8.1902
9.0041
8.3315
8.927
9.2276
9.2743
9.4142
7.6983
5.4447
3.0946
1.3744
0
0
0
0
0
0
0
0
0
1.0289
2.4842
3.1669
4.7196
5.9242
6.7022
7.2936
9.2913
9.7276
8.2802
8.3135
6.0764
3.8503
1.9095
0.7943
0
0
0
0
0
0
0
0
0
0.7177
2.334
3.3442
4.1974
5.6434
6.6493
8.6338
8.5086
8.4893
8.1372
6.9305
5.0219
2.6392
1.3842
0.5457
0
0
0
0
0
0
0
0
0
1.6437
2.6643
6.7556
10.046
14.552
18.706
24.819
16.111
15.444
18.823
18.86
12.643
7.9415
5.0996
2.2101
0
0
0
0
0
0
0
0
0
1.9314
5.4655
11.492
17.93
29.062
42.695
56.293
56.293
16.637
2.515
2.0854
3.1195
0.9926
4.6891
1.7033
0
0
0
0
0
0
0
0
0
1.8965
2.8597
11.524
24.476
34.243
39.742
37.843
39.405
48.278
45.99
40.568
33.228
19.468
8.8496
2.3731
0
0
0
0
0
0
0
0
0
1.7672
4.7881
10.739
21.229
33.215
44.275
51.398
54.407
56.293
53.083
45.356
37.089
27.846
12.422
2.9264
0
0
0
0
0
0
0
0
0
1.6915
3.0805
10.668
22.476
33.069
43.768
51.728
54.121
54.511
50.443
41.812
31.149
20.734
9.8588
1.9191
0
0
0
0
0
0
0
0
0
1.6076
4.9831
10.045
19.488
30.295
35.229
36.502
40.198
40.349
36.798
27.783
22.95
15.289
7.3715
1.6721
0
0
0
0
0
0
0
0
0
1.8252
4.3303
8.8423
15.662
19.511
26.102
31.009
27.238
30.472
26.415
28.286
29.038
17.836
10.06
2.4772
0
0
0
0
0
0
0
0
0
1.841
4.5659
9.0412
13.747
15.673
18.938
16.744
25.15
23.654
14.668
11.564
4.9469
3.9842
2.1452
0
0
0
0
0
0
0
0
0
0
1.7232
4.2711
10.268
15.404
20.635
38.319
41.6
45.957
33.642
23.4
15.404
7.6247
5.1506
0.3304
0
0
0
0
0
0
0
0
0
0
1.584
4.5042
9.1871
16.812
20.137
30.969
38.706
43.308
44.97
45.814
42.353
33.571
22.042
10.768
1.7451
0
0
0
0
0
0
0
0
0
1.668
2.4229
9.5707
22.266
35.823
46.256
52.649
54.1
56.293
53.571
47.793
38.754
23.183
9.5301
0.5762
0
0
0
0
0
0
0
0
0
1.2126
3.1385
9.5701
20.048
31.148
38.711
43.96
46.153
46.173
42.942
36.945
29.154
17.624
7.7119
0.4672
0
0
0
0
0
0
0
0
0
1.327
1.9965
9.0601
23.122
37.044
48.192
54.779
56.293
56.293
56.293
49.654
39.542
25.354
10.862
0.4051
0
0
0
0
0
0
0
0
0
0
1.1432
4.5417
4.9309
7.6968
5.4618
5.3661
6.4077
40.515
34.929
20.786
10.725
7.3893
2.4796
0
0
0
0
0
0
0
0
0
0
0
0.497
1.1417
1.7858
2.3545
2.8054
13.523
56.293
56.293
41.172
28.167
35.126
9.3103
9.8702
1.076
0
0
0
0
0
0
0
0
0
1.0981
1.9872
8.3505
22.487
36.315
47.264
54.004
56.293
56.293
53.876
46.06
35.278
21.92
8.5142
0
0
0
0
0
0
0
0
0
0
0
0.4182
4.5607
21.557
38.933
15.54
29.354
56.117
39.936
22.355
28.322
14.508
2.9274
2.6059
0
0
0
0
0
0
0
0
0
0
0.6091
2.2652
7.9289
19.011
30.51
44.749
49.68
52.39
49.702
46.316
42.159
27.669
19.566
7.2929
0
0
0
0
0
0
0
0
0
0
0.3744
2.1685
7.8217
21.621
35.598
46.486
53.335
53.958
53.742
50.071
40.673
27.302
16.146
6.1128
0
0
0
0
0
0
0
0
0
0
0
3.1935
6.2676
10.459
13.531
15.618
16.341
19.74
18.584
13.717
11.906
9.6987
5.5145
1.8319
0
0
0
0
0
0
0
0
0
0
0.2434
2.6883
7.7298
18.358
28.036
36.777
39.039
39.301
39.931
36.982
30.061
19.123
10.971
3.1088
0
0
0
0
0
0
0
0
0
0
0
1.7788
7.3302
22.094
36.223
47.327
54.502
56.293
56.293
54.766
47.627
36.073
21.742
7.1948
0
0
0
0
0
0
0
0
0
0
0
2.1685
6.9727
19.035
31.153
40.204
46.431
51.429
50.394
47.517
40.162
28.09
16.71
5.3058
0
0
0
0
0
0
0
0
0
0
0
2.6153
7.0322
20.444
34.711
41.984
32.291
42.699
46.82
42.258
22.178
12.32
14.899
5.1069
0
0
0
0
0
0
0
0
0
0
0
0.4623
1.1057
1.4308
2.0281
3.4237
5.3443
5.3195
40.692
39.752
33.425
24.208
13.589
3.963
0
0
0
0
0
0
0
0
0
0
0
1.2084
2.7478
4.5304
6.2192
8.0668
9.28
10.075
8.0253
8.4897
6.929
5.5455
2.6946
0.9419
0
0
0
0
0
0
0
0
0
0
0
2.2048
3.5816
7.6846
9.8065
12.193
6.344
11.284
11.797
19.949
16.405
11.835
3.7455
1.8738
0
0
0
0
0
0
0
0
0
0
0
2.2448
6.2344
14.338
20.892
16.757
21.084
15.651
17.041
19.839
10.303
3.2098
0.921
0
0
0
0
0
0
0
0
0
0
0
0
1.4204
0.7598
9.0285
7.7753
13.89
19.103
22.401
27.457
12.961
16.467
14.079
7.4154
0
0
0
0
0
0
0
0
0
0
0
0
1.7232
6.0561
10.837
12.953
13.825
28.192
31.692
39.302
45.452
40.573
34.62
20.538
0.8319
0
0
0
0
0
0
0
0
0
0
0
1.8047
4.5911
4.7727
8.5881
13.396
12.346
14.478
8.4417
7.9135
7.6965
5.913
3.8413
0.2651
0
0
0
0
0
0
0
0
0
0
0
1.6468
5.8536
12.587
17.176
24.335
27.607
22.731
21.181
14.808
12.363
7.1574
2.8954
0
0
0
0
0
0
0
0
0
0
0
0
0.5612
1.5112
4.7134
5.6984
5.2817
2.7882
4.2948
41.471
45.383
40.713
29.825
15.329
0
0
0
0
0
0
0
0
0
0
0
0
0
0.6797
1.2984
1.8492
2.2775
3.7764
4.6197
37.33
27.411
20.204
12.665
5.5978
0
0
0
0
0
0
0
0
0
0
0
0
1.2484
4.8733
17.865
32.315
44.458
51.488
55.692
55.166
51.066
42.93
30.547
15.415
0
0
0
0
0
0
0
0
0
0
0
0
1.3788
4.5583
10.754
12.615
31.255
40.903
32.194
44.594
39.682
24.119
12.657
6.013
0
0
0
0
0
0
0
0
0
0
0
0
0.7896
3.1474
6.0131
8.1743
10.381
11.593
11.852
11.504
9.3284
6.4107
4.1293
1.5538
0
0
0
0
0
0
0
0
0
0
0
0
1.0957
4.2698
9.499
14.077
20.587
23.58
22.791
19.865
19.226
15.435
10.857
2.9261
0
0
0
0
0
0
0
0
0
0
0
0
0.7388
4.088
14.573
28.259
37.606
41.873
46.946
41.715
43.521
34.809
22.796
9.6164
0
0
0
0
0
0
0
0
0
0
0
0
0.587
4.2344
13.477
23.647
31.453
38.21
36.976
36.154
31.776
24.229
16.453
6.5677
0
0
0
0
0
0
0
0
0
0
0
0
0.413
2.3004
6.6117
8.0022
18.631
16.66
21.593
18.725
23.992
18.268
17.903
10.752
0
0
0
0
0
0
0
0
0
0
0
0
0
3.3534
4.7321
5.6653
12.157
29.255
33.05
43.993
36.143
33.493
19.951
10.123
0
0
0
0
0
0
0
0
0
0
0
0
0
3.4374
6.1453
13.681
27.072
26.158
26.94
25.956
30.66
37.292
27.633
10.934
0
0
0
0
0
0
0
0
0
0
0
0
0
3.3759
15.256
29.363
41.351
49.175
51.703
51.577
47.946
38.886
26.085
9.3151
0
0
0
0
0
0
0
0
0
0
0
0
0
0.3684
0.9455
1.4802
1.8846
2.1378
2.6044
34.549
32.252
25.31
16.527
4.4905
0
0
0
0
0
0
0
0
0
0
0
0
0
2.9441
13.806
26.147
38.838
46.373
45.967
44.88
37.577
30.879
19.675
0.6204
0
0
0
0
0
0
0
0
0
0
0
0
0
2.8226
11.56
23.986
31.398
35.147
40.118
38.871
35.672
36.419
22.309
0.8817
0
0
0
0
0
0
0
0
0
0
0
0
0
1.345
3.8889
8.4947
11.43
10.842
13.887
28.273
15.243
13.678
4.7386
0.3049
0
0
0
0
0
0
0
0
0
0
0
0
0
0.2486
2.6983
4.8787
28.578
24.295
33.584
24.746
26.616
15.413
8.942
0
0
0
0
0
0
0
0
0
0
0
0
0
0
3.5457
10.669
21.932
24.328
34.673
27.169
22.893
19.752
10.669
3.8064
0
0
0
0
0
0
0
0
0
0
0
0
0
0
2.1905
10.343
25.512
36.617
45.6
47.245
43.618
38.357
34.506
22.72
0.256
0
0
0
0
0
0
0
0
0
0
0
0
0
1.9236
8.0857
14.81
23.807
24.629
25.335
33.842
36.177
27.662
17.559
0
0
0
0
0
0
0
0
0
0
0
0
0
0
2.6524
11.022
25.946
29.83
33.576
47.759
41.924
30.832
24.782
9.8559
0
0
0
0
0
0
0
0
0
0
0
0
0
0
0.9551
2.9047
4.5852
6.5767
7.1046
7.4909
4.5892
4.042
2.8156
1.1692
0
0
0
0
0
0
0
0
0
0
0
0
0
0
1.6554
5.8651
11.991
17.964
18.974
16.924
14.704
10.23
5.9758
2.0495
0
0
0
0
0
0
0
0
0
0
0
0
0
0
1.6078
12.507
27.633
40.202
47.507
50.315
48.869
43.064
32.675
18.426
0
0
0
0
0
0
0
0
0
0
0
0
0
0
1.4989
8.1496
17.105
24.473
26.844
29.521
32.81
22.74
15.999
7.8878
0
0
0
0
0
0
0
0
0
0
0
0
0
0
1.359
12.233
22.145
13.279
13.388
7.3591
3.8565
3.2212
13.477
8.4292
0
0
0
0
0
0
0
0
0
0
0
0
0
0
0.5447
1.8639
7.2496
11.615
17.362
42.793
47.946
41.65
30.672
11.877
0
0
0
0
0
0
0
0
0
0
0
0
0
0
0.612
2.2606
4.7378
5.5379
6.9917
5.7783
6.8413
3.4998
2.1609
0.5877
0
0
0
0
0
0
0
0
0
0
0
0
0
0
0.3087
2.2779
0.6337
4.399
5.4125
28.451
41.085
34.052
24.737
9.9215
0
0
0
0
0
0
0
0
0
0
0
0
0
0
0.2633
3.3667
2.5774
19.415
34.796
35.479
23.322
8.8722
0.2936
0.3792
0
0
0
0
0
0
0
0
0
0
0
0
0
0
0
0.881
1.9453
1.1272
2.9014
3.6722
36.623
35.26
26.026
8.2328
0
0
0
0
0
0
0
0
0
0
0
0
0
0
0
1.1685
0.652
4.8529
4.9162
4.4393
31.551
32.393
21.79
0.5315
0
0
0
0
0
0
0
0
0
0
0
0
0
0
0
0.3038
0.6353
1.0534
1.1177
1.109
23.393
19.427
12.306
0.2817
0
0
0
0
0
0
0
0
0
0
0
0
0
0
0
0
1.3088
2.2638
3.2406
1.6414
31.899
31.951
19.766
0
0
0
0
0
0
0
0
0
0
0
0
0
0
0
0
1.2162
2.982
4.6296
5.7008
5.7421
4.9033
3.5408
1.7149
0
0
0
0
0
0
0
0
0
0
0
0
0
0
0
0
4.1922
5.2625
17.155
29.009
41.023
42.805
35.717
20.445
0.2905
0
0
0
0
0
0
0
0
0
0
0
0
0
0
0
0.683
1.6782
2.4874
2.7223
2.8986
2.3663
1.6785
0.5667
0
0
0
0
0
0
0
0
0
0
0
0
0
0
0
0
3.8266
12.977
20.31
21.538
23.58
16.453
11.345
5.8798
0
0
0
0
0
0
0
0
0
0
0
0
0
0
0
0
2.6619
8.9535
18.015
25.331
30.781
14.076
2.1617
0
0
0
0
0
0
0
0
0
0
0
0
0
0
0
0
0
0
0.7374
1.2143
1.4675
1.343
1.073
0.6607
0
0
0
0
0
0
0
0
0
0
0
0
0
0
0
0
0
0
0.5944
1.192
0.8143
1.1702
24.003
20.965
12.936
0
0
0
0
0
0
0
0
0
0
0
0
0
0
0
0
0.6994
2.5182
4.0115
4.7055
4.6859
3.129
1.6048
0.5623
0
0
0
0
0
0
0
0
0
0
0
0
0
0
0
0
2.053
7.2412
11.862
13.742
15.612
9.9373
7.0293
5.2226
0
0
0
0
0
0
0
0
0
0
0
0
0
0
0
0
0.4926
1.8152
6.9273
16.128
20.006
22.654
1.3447
0.2769
0
0
0
0
0
0
0
0
0
0
0
0
0
0
0
0
2.21
12.391
20.416
24.625
30.215
30.169
25.277
11.773
0
0
0
0
0
0
0
0
0
0
0
0
0
0
0
0
0.8502
2.8919
4.8324
5.8972
4.8263
3.0449
0.2903
0
0
0
0
0
0
0
0
0
0
0
0
0
0
0
0
0
0.3136
1.1954
1.9793
2.6813
2.7287
2.2835
1.3848
0
0
0
0
0
0
0
0
0
0
0
0
0
0
0
0
0
0
0.4814
0.9591
1.125
1.0974
0.9116
0.4109
0
0
0
0
0
0
0
0
0
0
0
0
0
0
0
0
0
0
0.2339
1.5984
3.6747
7.5976
17.265
17.504
4.3756
0
0
0
0
0
0
0
0
0
0
0
0
0
0
0
0
0.2231
5.6946
17.615
25.258
29.508
21.46
9.3086
0
0
0
0
0
0
0
0
0
0
0
0
0
0
0
0
0
0
1.543
5.5151
5.4389
14.904
6.7746
10.46
0
0
0
0
0
0
0
0
0
0
0
0
0
0
0
0
0
0
8.2455
16.253
19.687
19.178
20.862
17.458
0
0
0
0
0
0
0
0
0
0
0
0
0
0
0
0
0
0
6.3315
6.3796
6.7824
1.1298
17.842
1.1852
0
0
0
0
0
0
0
0
0
0
0
0
0
0
0
0
0
0
8.1379
15.088
27.251
28.76
25.113
18.008
0
0
0
0
0
0
0
0
0
0
0
0
0
0
0
0
0
0
2.9789
8.7523
19.467
23.083
15.891
5.2508
0
0
0
0
0
0
0
0
0
0
0
0
0
0
0
0
0
0
3.0732
2.9408
3.6429
2.8903
2.0032
0.8347
0
0
0
0
0
0
0
0
0
0
0
0
0
0
0
0
0
0
3.9775
7.1877
8.8959
6.8985
3.6202
1.5118
0
0
0
0
0
0
0
0
0
0
0
0
0
0
0
0
0
0
5.2797
12.46
11.877
17.009
10.67
4.0404
0
0
0
0
0
0
0
0
0
0
0
0
0
0
0
0
0
0
1.1073
2.2676
3.361
5.4687
4.5217
1.207
0
0
0
0
0
0
0
0
0
0
0
0
0
0
0
0
0
0
0.8811
3.681
1.7137
5.1503
8.8211
9.4635
0
0
0
0
0
0
0
0
0
0
0
0
0
0
0
0
0
0
0
0.2336
0.4031
0.3971
0.218
0
0
0
0
0
0
0
0
0
0
0
0
0
0
0
0
0
0
0
2.2676
3.4951
14.52
20.465
23.9
13.325
0
0
0
0
0
0
0
0
0
0
0
0
0
0
0
0
0
0
1.8242
8.7501
15.394
16.578
13.986
5.3201
0
0
0
0
0
0
0
0
0
0
0
0
0
0
0
0
0
0
0
0.7934
1.7238
2.2879
1.1274
0.4408
0
0
0
0
0
0
0
0
0
0
0
0
0
0
0
0
0
0
0
0.4458
0.6507
0.695
0.4164
0
0
0
0
0
0
0
0
0
0
0
0
0
0
0
0
0
0
0
0.3437
1.0232
1.4443
1.2278
1.3798
0.2914
0
0
0
0
0
0
0
0
0
0
0
0
0
0
0
0
0
0
0
1.1547
1.2979
1.5505
0.9421
0.2684
0
0
0
0
0
0
0
0
0
0
0
0
0
0
0
0
0
0
0
1.0335
1.7349
1.2838
0.5436
0.2568
0
0
0
0
0
0
0
0
0
0
0
0
0
0
0
0
0
0
0
0.7934
5.3856
1.9724
1.5137
0.7853
0
0
0
0
0
0
0
0
0
0
0
0
0
0
0
0
0
0
0
0.2723
0.2926
0
12.359
0.5971
0
0
0
0
0
0
0
0
0
0
0
0
0
0
0
0
0
0
0
4.2394
3.9094
3.3626
0.4298
0
0
0
0
0
0
0
0
0
0
0
0
0
0
0
0
0
0
0
0
0
0.4481
6.8544
15.591
0.7569
0
0
0
0
0
0
0
0
0
0
0
0
0
0
0
0
0
0
0
3.9611
16.221
17.174
16.154
0
0
0
0
0
0
0
0
0
0
0
0
0
0
0
0
0
0
0
0
4.6027
7.1375
2.2434
3.543
0.2753
0
0
0
0
0
0
0
0
0
0
0
0
0
0
0
0
0
0
0
0.9501
1.5114
2.0286
4.0153
0
0
0
0
0
0
0
0
0
0
0
0
0
0
0
0
0
0
0
0
0.7514
1.5889
1.1189
0.8171
0
0
0
0
0
0
0
0
0
0
0
0
0
0
0
0
0
0
0
0
0.6925
1.1439
1.187
0.9214
0
0
0
0
0
0
0
0
0
0
0
0
0
0
0
0
0
0
0
0
0
8.2475
15.03
6.017
0
0
0
0
0
0
0
0
0
0
0
0
0
0
0
0
0
0
0
0
1.3872
6.5318
5.2749
0.4011
0
0
0
0
0
0
0
0
0
0
0
0
0
0
0
0
0
0
0
0
1.3519
5.319
5.7873
1.1825
0
0
0
0
0
0
0
0
0
0
0
0
0
0
0
0
0
0
0
0
1.421
6.7052
10.504
5.123
0
0
0
0
0
0
0
0
0
0
0
0
0
0
0
0
0
0
0
0
0.6053
3.3702
0.5977
0.6711
0
0
0
0
0
0
0
0
0
0
0
0
0
0
0
0
0
0
0
0
1.118
3.0857
6.0837
5.876
0
0
0
0
0
0
0
0
0
0
0
0
0
0
0
0
0
0
0
0
0.1507
0.3496
0.7222
0.4193
0
0
0
0
0
0
0
0
0
0
0
0
0
0
0
0
0
0
0
0
0.5784
3.4396
7.2251
5.5117
0
0
0
0
0
0
0
0
0
0
0
0
0
0
0
0
0
0
0
0
0.6528
5.8779
11.003
4.0167
0
0
0
0
0
0
0
0
0
0
0
0
0
0
0
0
0
0
0
0
0.125
0.5831
0.8704
0.3577
0
0
0
0
0
0
0
0
0
0
0
0
0
0
0
0
0
0
0
0
0
0
0
0
0
0
0
0
0
0
0
0
0
0
0
0
0
0
0
0
0
0
0
0
0.1349
1.2414
7.4833
2.7514
0
0
0
0
0
0
0
0
0
0
0
0
0
0
0
0
0
0
0
0
0.0831
3.7082
7.4463
3.0654
0
0
0
0
0
0
0
0
0
0
0
0
0
0
0
0
0
0
0
0
0
0
0
3.3886
0
0
0
0
0
0
0
0
0
0
0
0
0
0
0
0
0
0
0
0
0.2176
2.7345
6.2824
0.2003
0
0
0
0
0
0
0
0
0
0
0
0
0
0
0
0
0
0
0
0
0
2.8822
4.5559
1.71
0
0
0
0
0
0
0
0
0
0
0
0
0
0
0
0
0
0
0
0
0
2.9757
6.5219
2.7104
0
0
0
0
0
0
0
0
0
0
0
0
0
0
0
0
0
0
0
0
0
3.5347
6.0935
0
0
0
0
0
0
0
0
0
0
0
0
0
0
0
0
0
0
0
0
0
0
1.9289
0.5491
0.6398
0
0
0
0
0
0
0
0
0
0
0
0
0
0
0
0
0
0
0
0
0
3.1319
7.1413
2.6293
0
0
0
0
0
0
0
0
0
0
0
0
0
0
0
0
0
0
0
0
0
3.0292
7.0773
2.5815
0
0
0
0
0
0
0
0
0
0
0
0
0
0
0
0
0
0
0
0
0
0
0
0
0
0
0
0
0
0
0
0
0
0
0
0
0
0
0
0
0
0
0
0
0
0
0
0
0
0
0
0
0
0
0
0
0
0
0
0
0
0
0
0
0
0
0
0
0
0
0
0
0
0
0
0
0
0
0
0
0
0
0
0
0
0
0
0
0
0
0
0
0
0
0
0
0
0
0
0
0
0
0
0
0
0
0
0
0
0
0
0
0
0
0
0
0
0.5508
3.3135
0.3009
0
0
0
0
0
0
0
0
0
0
0
0
0
0
0
0
0
0
0
0
0
3.0148
7.3482
3.0346
0
0
0
0
0
0
0
0
0
0
0
0
0
0
0
0
0
0
0
0
0
3.2841
8.5471
3.4267
0
0
0
0
0
0
0
0
0
0
0
0
0
0
0
0
0
0
0
0
0
1.9736
4.2077
1.7759
0
0
0
0
0
0
0
0
0
0
0
0
0
0
0
0
0
0
0
0
0
1.7452
5.6175
3.1705
0
0
0
0
0
0
0
0
0
0
0
0
0
0
0
0
0
0
0
0
0
0
0
0
0
0
0
0
0
0
0
0
0
0
0
0
0
0
0
0
0
0
0
0
0
2.0422
3.694
0.5291
0
0
0
0
0
0
0
0
0
0